    energy       Pt-d_up     Pt-d_down
-10.540078  0.000000e+00  0.000000e+00
-10.474078  0.000000e+00  0.000000e+00
-10.408078  0.000000e+00  0.000000e+00
-10.342078 -2.112675e-31  4.839077e-34
-10.276078 -4.956924e-27  1.867870e-29
-10.210078 -4.829813e-23  2.996548e-25
-10.144078 -1.950654e-19  1.994509e-21
-10.078078 -3.147681e-16  5.315702e-18
-10.012078 -2.144485e-13  6.023035e-15
 -9.946078 -5.955419e-11  2.785580e-12
 -9.880078 -6.652061e-09  5.226739e-10
 -9.814078 -2.905836e-07  3.907019e-08
 -9.748078 -4.634072e-06  1.117675e-06
 -9.682078 -2.103240e-05  1.093674e-05
 -9.616078  2.115376e-05  2.006121e-05
 -9.550078  1.823541e-04 -9.160301e-05
 -9.484078  4.192060e-04 -2.413119e-04
 -9.418078  2.084453e-03 -8.908061e-04
 -9.352078  3.593318e-03 -3.078057e-03
 -9.286078  1.447690e-03 -3.013552e-03
 -9.220078 -5.118312e-04 -2.886133e-04
 -9.154078  1.877879e-03  1.933820e-04
 -9.088078  7.699673e-03 -4.307927e-03
 -9.022078  9.576397e-03 -8.677222e-03
 -8.956078  1.359819e-02 -1.031211e-02
 -8.890078  1.235953e-02 -1.422805e-02
 -8.824078  2.498430e-03 -7.882078e-03
 -8.758078 -1.453581e-03 -3.263545e-05
 -8.692078 -3.736503e-03  2.104201e-03
 -8.626078  5.048911e-03  3.440645e-03
 -8.560078  5.311698e-02 -1.922607e-02
 -8.494078  7.379824e-02 -6.851116e-02
 -8.428078  2.891166e-02 -5.562809e-02
 -8.362078  4.820947e-02 -2.353598e-02
 -8.296078  1.115650e-01 -7.436416e-02
 -8.230078  7.258976e-02 -1.023723e-01
 -8.165078  6.056913e-03 -3.795549e-02
 -8.099078  1.729151e-02 -3.522033e-03
 -8.033078  4.956742e-02 -3.410519e-02
 -7.967078  8.090621e-02 -5.377146e-02
 -7.901078  1.997567e-01 -1.054908e-01
 -7.835078  3.227336e-01 -2.279226e-01
 -7.769078  2.428509e-01 -3.011368e-01
 -7.703078  2.722240e-02 -1.667061e-01
 -7.637078  3.332974e-02  7.037764e-03
 -7.571078  3.355151e-01 -9.134420e-02
 -7.505078  4.267309e-01 -3.893305e-01
 -7.439078  1.627933e-01 -3.414902e-01
 -7.373078  1.676082e-01 -1.068880e-01
 -7.307078  4.592019e-01 -2.025010e-01
 -7.241078  5.978821e-01 -4.311482e-01
 -7.175078  1.018786e+00 -5.313949e-01
 -7.109078  1.232063e+00 -9.239243e-01
 -7.043078  1.198161e+00 -1.077952e+00
 -6.977078  1.446134e+00 -1.080874e+00
 -6.911078  1.222441e+00 -1.544386e+00
 -6.845078  2.390558e+00 -1.099365e+00
 -6.779078  5.185209e+00 -6.733083e-01
 -6.713078  6.574871e+00 -2.585109e+00
 -6.647078  5.487529e+00 -5.111484e+00
 -6.581078  4.019968e+00 -6.419790e+00
 -6.515078  6.999940e+00 -6.384092e+00
 -6.449078  1.338273e+01 -5.792179e+00
 -6.383078  1.279875e+01 -8.463948e+00
 -6.317078  7.341791e+00 -1.195544e+01
 -6.251078  5.272571e+00 -1.109818e+01
 -6.185078  8.525903e+00 -6.448951e+00
 -6.119078  1.649119e+01 -4.765065e+00
 -6.053078  2.349998e+01 -8.652767e+00
 -5.987078  2.501524e+01 -1.510509e+01
 -5.921078  1.842398e+01 -2.097711e+01
 -5.855078  1.378200e+01 -2.468091e+01
 -5.789078  1.488656e+01 -1.690142e+01
 -5.723078  1.873884e+01 -1.132280e+01
 -5.657078  2.288644e+01 -1.700603e+01
 -5.591078  1.966600e+01 -2.310999e+01
 -5.525078  1.695351e+01 -2.198736e+01
 -5.459078  2.090960e+01 -1.745612e+01
 -5.393078  2.299415e+01 -1.896874e+01
 -5.327078  2.619282e+01 -2.278029e+01
 -5.261078  2.892140e+01 -2.260275e+01
 -5.195078  2.601802e+01 -2.488076e+01
 -5.129078  2.172820e+01 -2.726132e+01
 -5.063078  1.673686e+01 -2.498855e+01
 -4.997078  1.797710e+01 -2.242740e+01
 -4.931078  2.244202e+01 -1.668037e+01
 -4.865078  1.869547e+01 -1.529817e+01
 -4.799078  1.158937e+01 -2.170178e+01
 -4.733078  1.037125e+01 -1.900655e+01
 -4.667078  1.517310e+01 -1.155681e+01
 -4.601078  2.350663e+01 -1.215069e+01
 -4.535078  2.318109e+01 -1.601090e+01
 -4.469078  1.670830e+01 -2.154406e+01
 -4.403078  2.238274e+01 -2.095734e+01
 -4.337078  3.691100e+01 -1.698455e+01
 -4.271078  3.937283e+01 -2.248541e+01
 -4.205078  3.414600e+01 -3.620129e+01
 -4.139078  2.323350e+01 -3.917470e+01
 -4.073078  1.804310e+01 -3.165280e+01
 -4.007078  2.499231e+01 -2.167819e+01
 -3.941078  2.908587e+01 -1.871789e+01
 -3.876078  2.678562e+01 -2.604291e+01
 -3.810078  2.348594e+01 -2.750988e+01
 -3.744078  2.359858e+01 -2.547015e+01
 -3.678078  2.802277e+01 -2.459681e+01
 -3.612078  3.109452e+01 -2.213638e+01
 -3.546078  3.714074e+01 -2.667941e+01
 -3.480078  4.157930e+01 -2.994698e+01
 -3.414078  4.792814e+01 -3.509610e+01
 -3.348078  4.989620e+01 -3.985178e+01
 -3.282078  4.326190e+01 -4.216804e+01
 -3.216078  3.996950e+01 -4.911347e+01
 -3.150078  3.331550e+01 -4.465290e+01
 -3.084078  2.941410e+01 -3.698137e+01
 -3.018078  2.842378e+01 -3.825142e+01
 -2.952078  3.481472e+01 -3.869214e+01
 -2.886078  4.190794e+01 -3.327869e+01
 -2.820078  4.089295e+01 -3.280735e+01
 -2.754078  3.239166e+01 -3.933843e+01
 -2.688078  2.767576e+01 -4.416451e+01
 -2.622078  3.288082e+01 -3.527239e+01
 -2.556078  3.466231e+01 -2.659548e+01
 -2.490078  3.095030e+01 -2.989453e+01
 -2.424078  2.730417e+01 -3.169817e+01
 -2.358078  2.625643e+01 -2.824131e+01
 -2.292078  2.671377e+01 -2.793804e+01
 -2.226078  2.559796e+01 -2.715673e+01
 -2.160078  2.252079e+01 -2.713930e+01
 -2.094078  1.837104e+01 -2.641272e+01
 -2.028078  2.000610e+01 -2.294108e+01
 -1.962078  3.405908e+01 -2.158348e+01
 -1.896078  4.468736e+01 -1.873751e+01
 -1.830078  3.582388e+01 -2.456675e+01
 -1.764078  2.671594e+01 -4.113541e+01
 -1.698078  2.964082e+01 -4.052155e+01
 -1.632078  3.037150e+01 -2.660956e+01
 -1.566078  2.890607e+01 -2.328982e+01
 -1.500078  2.878537e+01 -3.315888e+01
 -1.434078  3.143802e+01 -3.606773e+01
 -1.368078  3.779704e+01 -2.990040e+01
 -1.302078  3.051519e+01 -2.506449e+01
 -1.236078  1.670348e+01 -3.390389e+01
 -1.170078  1.721300e+01 -3.725885e+01
 -1.104078  3.170524e+01 -2.374347e+01
 -1.038078  4.423380e+01 -1.407616e+01
 -0.972078  3.976602e+01 -1.940200e+01
 -0.906078  3.101898e+01 -3.476625e+01
 -0.840078  3.131227e+01 -4.277620e+01
 -0.774078  3.165881e+01 -4.015810e+01
 -0.708078  2.917260e+01 -3.217456e+01
 -0.642078  2.398211e+01 -2.675685e+01
 -0.576078  3.033260e+01 -2.835365e+01
 -0.510078  4.242268e+01 -2.794669e+01
 -0.444078  4.074601e+01 -2.252390e+01
 -0.378078  3.413574e+01 -3.245541e+01
 -0.312078  3.516837e+01 -4.387723e+01
 -0.246078  3.754770e+01 -3.827000e+01
 -0.180078  4.193290e+01 -2.978020e+01
 -0.114078  5.313380e+01 -3.123953e+01
 -0.048078  5.932570e+01 -3.387690e+01
  0.017922  4.492829e+01 -3.579030e+01
  0.083922  2.191449e+01 -4.859700e+01
  0.149922  2.138118e+01 -6.124760e+01
  0.215922  2.987825e+01 -5.353110e+01
  0.281922  1.840710e+01 -2.723096e+01
  0.347922  8.958470e+00 -1.714084e+01
  0.412922  8.984819e+00 -2.864200e+01
  0.478922  6.075292e+00 -2.790546e+01
  0.544922  3.994298e+00 -1.371113e+01
  0.610922  3.516944e+00 -6.495069e+00
  0.676922  1.439872e+00 -4.498258e+00
  0.742922  1.846947e+00 -4.185567e+00
  0.808922  5.339023e+00 -2.046134e+00
  0.874922  6.089540e+00 -1.872394e+00
  0.940922  3.978109e+00 -5.011582e+00
  1.006922  1.740692e+00 -4.528145e+00
  1.072922  2.825714e+00 -3.207552e+00
  1.138922  4.239369e+00 -3.102174e+00
  1.204922  4.000210e+00 -2.580882e+00
  1.270922  2.811895e+00 -3.885701e+00
  1.336922  3.110865e+00 -4.126619e+00
  1.402922  6.358220e+00 -3.702748e+00
  1.468922  8.835590e+00 -4.410188e+00
  1.534922  6.556828e+00 -6.418425e+00
  1.600922  2.028418e+00 -7.245430e+00
  1.666922  2.138579e+00 -6.896365e+00
  1.732922  2.648792e+00 -4.350729e+00
  1.798922  7.431576e-01 -2.790876e+00
  1.864922  7.287784e-01 -1.901401e+00
  1.930922  2.848826e+00 -7.444680e-01
  1.996922  3.316336e+00 -1.103869e+00
  2.062922  1.894334e+00 -2.882486e+00
  2.128922  3.277898e+00 -3.205088e+00
  2.194922  6.000490e+00 -2.369593e+00
  2.260922  8.434450e+00 -3.428828e+00
  2.326922  5.687910e+00 -4.582910e+00
  2.392922  1.532505e+00 -7.490960e+00
  2.458922  7.342907e-01 -7.039300e+00
  2.524922  4.451821e-01 -2.851612e+00
  2.590922  1.367696e+00 -7.279865e-01
  2.656922  3.398376e+00 -3.104356e-01
  2.722922  4.272811e+00 -1.428400e+00
  2.788922  3.979720e+00 -3.430387e+00
  2.854922  2.512626e+00 -4.659297e+00
  2.920922  1.280020e+00 -4.337545e+00
  2.986922  1.730858e+00 -2.334285e+00
  3.052922  2.054708e+00 -1.156761e+00
  3.118922  1.508583e+00 -2.106260e+00
  3.184922  1.795623e+00 -2.251666e+00
  3.250922  1.817522e+00 -1.838145e+00
  3.316922  2.765019e+00 -1.920500e+00
  3.382922  5.790269e+00 -1.265059e+00
  3.448922  6.302140e+00 -2.834697e+00
  3.514922  3.022154e+00 -6.121210e+00
  3.580922  1.934571e+00 -6.225420e+00
  3.646922  2.269338e+00 -3.408907e+00
  3.712922  1.956081e+00 -2.094034e+00
  3.778922  1.449129e+00 -1.983379e+00
  3.844922  7.630220e-01 -1.932167e+00
  3.910922  4.643137e-01 -1.494405e+00
  3.976922  1.133156e+00 -6.725301e-01
  4.042922  1.364113e+00 -8.634930e-01
  4.108922  1.569600e+00 -1.340720e+00
  4.174922  2.921261e+00 -9.582410e-01
  4.240922  3.114789e+00 -1.500934e+00
  4.306922  1.692145e+00 -3.360500e+00
  4.372922  1.391102e+00 -3.046797e+00
  4.438922  1.918454e+00 -1.631172e+00
  4.504922  2.050563e+00 -1.802871e+00
  4.570922  1.558720e+00 -2.222822e+00
  4.636922  1.216024e+00 -1.928045e+00
  4.701922  1.935901e+00 -1.328960e+00
  4.767922  2.453943e+00 -1.369468e+00
  4.833922  1.437555e+00 -2.404244e+00
  4.899922  8.064428e-01 -2.198055e+00
  4.965922  1.282606e+00 -9.483541e-01
  5.031922  9.706155e-01 -1.029984e+00
  5.097922  5.451942e-01 -1.488174e+00
  5.163922  2.120115e+00 -5.598785e-01
  5.229922  2.968430e+00 -7.839001e-01
  5.295922  1.919711e+00 -2.653465e+00
  5.361922  8.693081e-01 -2.800339e+00
  5.427922  2.926570e-02 -1.691585e+00
  5.493922  6.158510e-01 -6.154030e-01
  5.559922  3.164107e+00  1.797010e-02
  5.625922  4.614925e+00 -1.288334e+00
  5.691922  3.641488e+00 -3.614271e+00
  5.757922  2.150827e+00 -4.531676e+00
  5.823922  1.219288e+00 -3.641566e+00
  5.889922  9.593684e-01 -1.785225e+00
  5.955922  1.436423e+00 -9.780130e-01
  6.021922  1.841981e+00 -1.231801e+00
  6.087922  2.539821e+00 -1.667635e+00
  6.153922  3.480816e+00 -1.799410e+00
  6.219922  2.442684e+00 -2.901759e+00
  6.285922  1.174192e+00 -3.365826e+00
  6.351922  1.176585e+00 -2.056328e+00
  6.417922  1.947663e+00 -1.374753e+00
  6.483922  2.256902e+00 -1.632688e+00
  6.549922  2.175250e+00 -2.045750e+00
  6.615922  2.499437e+00 -2.190469e+00
  6.681922  2.293832e+00 -2.469490e+00
  6.747922  1.701247e+00 -2.621204e+00
  6.813922  1.926882e+00 -1.905154e+00
  6.879922  1.777979e+00 -1.543121e+00
  6.945922  1.072875e+00 -1.989554e+00
  7.011922  1.557446e+00 -1.590614e+00
  7.077922  1.917511e+00 -1.414810e+00
  7.143922  1.795102e+00 -1.973549e+00
  7.209922  1.414367e+00 -1.912423e+00
  7.275922  6.883499e-01 -1.367871e+00
  7.341922  1.556384e-01 -7.452661e-01
  7.407922 -7.160287e-02 -3.379095e-01
  7.473922  4.231479e-01 -6.969168e-02
  7.539922  1.471632e+00 -2.015626e-01
  7.605922  1.221497e+00 -9.867130e-01
  7.671922  1.882023e-01 -1.456176e+00
  7.737922 -8.273570e-02 -6.460014e-01
  7.803922 -7.259535e-03  1.636966e-02
  7.869922  1.350763e-01  4.670471e-02
  7.935922  1.927960e-01 -4.494081e-02
  8.001922  6.474263e-02 -1.012397e-01
  8.067922 -7.713234e-03 -4.876017e-02
  8.133922 -4.856806e-03  1.960451e-03
  8.199922 -4.923880e-04 -2.435191e-03
  8.265922 -1.705811e-05 -2.064788e-02
  8.331922 -2.269213e-07 -1.707215e-02
  8.397922 -1.206392e-09 -2.223735e-03
  8.463922 -2.610129e-12  1.079371e-03
  8.529922 -2.302367e-15  2.481488e-04
  8.595922  0.000000e+00  1.561005e-05
  8.661922  0.000000e+00  3.574665e-07
  8.727922  0.000000e+00  3.200542e-09
  8.793922  0.000000e+00  1.152359e-11
  8.859922  0.000000e+00  1.691112e-14
  8.925922  0.000000e+00  9.641662e-18
  8.990922  0.000000e+00  0.000000e+00
  9.056922  0.000000e+00  0.000000e+00
  9.122922  0.000000e+00  0.000000e+00
  9.188922  0.000000e+00  0.000000e+00
  9.254922  0.000000e+00  0.000000e+00