   energy  Pt-5d_up  Pt-5d_down  Propane_up  Propane_down
-15.01877   0.00000     0.00000     0.00000       0.00000
-14.99374   0.00000     0.00000     0.00000       0.00000
-14.96871   0.00000     0.00000     0.00000       0.00000
-14.94368   0.00000     0.00000     0.00000       0.00000
-14.91865   0.00000     0.00000     0.00000       0.00000
-14.89362   0.00000     0.00000     0.00000       0.00000
-14.86859   0.00000     0.00000     0.00000       0.00000
-14.84355   0.00000     0.00000     0.00000       0.00000
-14.81852   0.00000     0.00000     0.00000       0.00000
-14.79349   0.00000     0.00000     0.00000       0.00000
-14.76846   0.00000     0.00000     0.00000       0.00000
-14.74343   0.00000     0.00000     0.00000       0.00000
-14.71840   0.00000     0.00000     0.00000       0.00000
-14.69337   0.00000     0.00000     0.00000       0.00000
-14.66834   0.00000     0.00000     0.00000       0.00000
-14.64330   0.00000     0.00000     0.00000       0.00000
-14.61827   0.00000     0.00000     0.00000       0.00000
-14.59324   0.00000     0.00000     0.00000       0.00000
-14.56821   0.00000     0.00000     0.00000       0.00000
-14.54318   0.00000     0.00000     0.00000       0.00000
-14.51815   0.00000     0.00000     0.00000       0.00000
-14.49312   0.00000     0.00000     0.00000       0.00000
-14.46809   0.00000     0.00000     0.00000       0.00000
-14.44305   0.00000     0.00000     0.00000       0.00000
-14.41802   0.00000     0.00000     0.00000       0.00000
-14.39299   0.00000     0.00000     0.00000       0.00000
-14.36796   0.00000     0.00000     0.00000       0.00000
-14.34293   0.00000     0.00000     0.00000       0.00000
-14.31790   0.00000     0.00000     0.00000       0.00000
-14.29287   0.00000     0.00000     0.00000       0.00000
-14.26783   0.00000     0.00000     0.00000       0.00000
-14.24280   0.00000     0.00000     0.00000       0.00000
-14.21777   0.00000     0.00000     0.00000       0.00000
-14.19274   0.00000     0.00000     0.00000       0.00000
-14.16771   0.00000     0.00000     0.00000       0.00000
-14.14268   0.00000     0.00000     0.00000       0.00000
-14.11765   0.00000     0.00000     0.00000       0.00000
-14.09262   0.00000     0.00000     0.00000       0.00000
-14.06758   0.00000     0.00000     0.00000       0.00000
-14.04255   0.00000     0.00000     0.00000       0.00000
-14.01752   0.00000     0.00000     0.00000       0.00000
-13.99249   0.00000     0.00000     0.00000       0.00000
-13.96746   0.00000     0.00000     0.00000       0.00000
-13.94243   0.00000     0.00000     0.00000       0.00000
-13.91740   0.00000     0.00000     0.00000       0.00000
-13.89237   0.00000     0.00000     0.00000       0.00000
-13.86733   0.00000     0.00000     0.00000       0.00000
-13.84230   0.00000     0.00000     0.00000       0.00000
-13.81727   0.00000     0.00000     0.00000       0.00000
-13.79224   0.00000     0.00000     0.00000       0.00000
-13.76721   0.00000     0.00000     0.00000       0.00000
-13.74218   0.00000     0.00000     0.00000       0.00000
-13.71715   0.00000     0.00000     0.00000       0.00000
-13.69212   0.00000     0.00000     0.00000       0.00000
-13.66708   0.00000     0.00000     0.00000       0.00000
-13.64205   0.00000     0.00000     0.00000       0.00000
-13.61702   0.00000     0.00000     0.00000       0.00000
-13.59199   0.00000     0.00000     0.00000       0.00000
-13.56696   0.00000     0.00000     0.00000       0.00000
-13.54193   0.00000     0.00000     0.00000       0.00000
-13.51690   0.00000     0.00000     0.00000       0.00000
-13.49186   0.00000     0.00000     0.00000       0.00000
-13.46683   0.00000     0.00000     0.00000       0.00000
-13.44180   0.00000     0.00000     0.00000       0.00000
-13.41677   0.00000     0.00000     0.00000       0.00000
-13.39174   0.00000     0.00000     0.00000       0.00000
-13.36671   0.00000     0.00000     0.00000       0.00000
-13.34168   0.00000     0.00000     0.00000       0.00000
-13.31665   0.00000     0.00000     0.00001      -0.00001
-13.29161   0.00000     0.00000     0.00014      -0.00013
-13.26658   0.00000     0.00000     0.00060      -0.00060
-13.24155   0.00002    -0.00002     0.00237      -0.00235
-13.21652   0.00006    -0.00006     0.00814      -0.00805
-13.19149   0.00018    -0.00018     0.02454      -0.02436
-13.16646   0.00048    -0.00048     0.06544      -0.06499
-13.14143   0.00114    -0.00113     0.15414      -0.15320
-13.11640   0.00239    -0.00236     0.32067      -0.31901
-13.09136   0.00440    -0.00436     0.58925      -0.58677
-13.06633   0.00713    -0.00707     0.95652      -0.95342
-13.04130   0.01024    -0.01016     1.37152      -1.36848
-13.01627   0.01295    -0.01287     1.73725      -1.73509
-12.99124   0.01449    -0.01441     1.94385      -1.94332
-12.96621   0.01432    -0.01426     1.92132      -1.92275
-12.94118   0.01251    -0.01247     1.67759      -1.68049
-12.91615   0.00966    -0.00964     1.29392      -1.29745
-12.89111   0.00658    -0.00657     0.88162      -0.88488
-12.86608   0.00396    -0.00396     0.53060      -0.53310
-12.84105   0.00211    -0.00211     0.28211      -0.28372
-12.81602   0.00098    -0.00098     0.13248      -0.13337
-12.79099   0.00040    -0.00040     0.05496      -0.05538
-12.76596   0.00015    -0.00015     0.02014      -0.02031
-12.74093   0.00005    -0.00005     0.00652      -0.00659
-12.71589   0.00001    -0.00001     0.00186      -0.00189
-12.69086   0.00000     0.00000     0.00045      -0.00046
-12.66583   0.00000     0.00000     0.00010      -0.00010
-12.64080   0.00000     0.00000     0.00000       0.00000
-12.61577   0.00000     0.00000     0.00000       0.00000
-12.59074   0.00000     0.00000     0.00000       0.00000
-12.56571   0.00000     0.00000     0.00000       0.00000
-12.54068   0.00000     0.00000     0.00000       0.00000
-12.51564   0.00000     0.00000     0.00000       0.00000
-12.49061   0.00000     0.00000     0.00000       0.00000
-12.46558   0.00000     0.00000     0.00000       0.00000
-12.44055   0.00000     0.00000     0.00000       0.00000
-12.41552   0.00000     0.00000     0.00000       0.00000
-12.39049   0.00000     0.00000     0.00000       0.00000
-12.36546   0.00000     0.00000     0.00000       0.00000
-12.34043   0.00000     0.00000     0.00000       0.00000
-12.31539   0.00000     0.00000     0.00000       0.00000
-12.29036   0.00000     0.00000     0.00000       0.00000
-12.26533   0.00000     0.00000     0.00000       0.00000
-12.24030   0.00000     0.00000     0.00000       0.00000
-12.21527   0.00000     0.00000     0.00000       0.00000
-12.19024   0.00000     0.00000     0.00000       0.00000
-12.16521   0.00000     0.00000     0.00000       0.00000
-12.14018   0.00000     0.00000     0.00000       0.00000
-12.11514   0.00000     0.00000     0.00000       0.00000
-12.09011   0.00000     0.00000     0.00000       0.00000
-12.06508   0.00000     0.00000     0.00000       0.00000
-12.04005   0.00000     0.00000     0.00000       0.00000
-12.01502   0.00000     0.00000     0.00000       0.00000
-11.98999   0.00000     0.00000     0.00000       0.00000
-11.96496   0.00000     0.00000     0.00000       0.00000
-11.93992   0.00000     0.00000     0.00000       0.00000
-11.91489   0.00000     0.00000     0.00000       0.00000
-11.88986   0.00000     0.00000     0.00000       0.00000
-11.86483   0.00000     0.00000     0.00000       0.00000
-11.83980   0.00000     0.00000     0.00000       0.00000
-11.81477   0.00000     0.00000     0.00000       0.00000
-11.78974   0.00000     0.00000     0.00000       0.00000
-11.76471   0.00000     0.00000     0.00000       0.00000
-11.73967   0.00000     0.00000     0.00000       0.00000
-11.71464   0.00000     0.00000     0.00000       0.00000
-11.68961   0.00000     0.00000     0.00000       0.00000
-11.66458   0.00000     0.00000     0.00000       0.00000
-11.63955   0.00000     0.00000     0.00000       0.00000
-11.61452   0.00000     0.00000     0.00000       0.00000
-11.58949   0.00000     0.00000     0.00000       0.00000
-11.56446   0.00000     0.00000     0.00000       0.00000
-11.53942   0.00000     0.00000     0.00000       0.00000
-11.51439   0.00000     0.00000     0.00000       0.00000
-11.48936   0.00000     0.00000     0.00000       0.00000
-11.46433   0.00000     0.00000     0.00000       0.00000
-11.43930   0.00000     0.00000     0.00000       0.00000
-11.41427   0.00000     0.00000     0.00000       0.00000
-11.38924   0.00000     0.00000     0.00000       0.00000
-11.36421   0.00000     0.00000     0.00000       0.00000
-11.33917   0.00000     0.00000     0.00000       0.00000
-11.31414   0.00000     0.00000     0.00000       0.00000
-11.28911   0.00000     0.00000     0.00000       0.00000
-11.26408   0.00000     0.00000     0.00000       0.00000
-11.23905   0.00000     0.00000     0.00000       0.00000
-11.21402   0.00000     0.00000     0.00000       0.00000
-11.18899   0.00000     0.00000     0.00000       0.00000
-11.16395   0.00000     0.00000     0.00000       0.00000
-11.13892   0.00000     0.00000     0.00000       0.00000
-11.11389   0.00000     0.00000     0.00000       0.00000
-11.08886   0.00000     0.00000     0.00000       0.00000
-11.06383   0.00000     0.00000     0.00000       0.00000
-11.03880   0.00000     0.00000     0.00000       0.00000
-11.01377   0.00000     0.00000     0.00000       0.00000
-10.98874   0.00000     0.00000     0.00000       0.00000
-10.96370   0.00000     0.00000     0.00000       0.00000
-10.93867   0.00000     0.00000     0.00000       0.00000
-10.91364   0.00000     0.00000     0.00000       0.00000
-10.88861   0.00000     0.00000     0.00000       0.00000
-10.86358   0.00000     0.00000     0.00000       0.00000
-10.83855   0.00000     0.00000     0.00014      -0.00013
-10.81352   0.00000     0.00000     0.00067      -0.00067
-10.78849   0.00002    -0.00002     0.00265      -0.00265
-10.76345   0.00005    -0.00005     0.00937      -0.00932
-10.73842   0.00016    -0.00016     0.02916      -0.02904
-10.71339   0.00045    -0.00045     0.08029      -0.07999
-10.68836   0.00110    -0.00110     0.19522      -0.19459
-10.66333   0.00237    -0.00236     0.41925      -0.41815
-10.63830   0.00451    -0.00447     0.79536      -0.79362
-10.61327   0.00755    -0.00751     1.33288      -1.33065
-10.58824   0.01118    -0.01111     1.97310      -1.97077
-10.56320   0.01462    -0.01454     2.58016      -2.57837
-10.53817   0.01690    -0.01680     2.98049      -2.97991
-10.51314   0.01723    -0.01716     3.04138      -3.04232
-10.48811   0.01554    -0.01547     2.74154      -2.74374
-10.46308   0.01236    -0.01232     2.18303      -2.18589
-10.43805   0.00870    -0.00867     1.53559      -1.53835
-10.41302   0.00541    -0.00540     0.95415      -0.95635
-10.38798   0.00297    -0.00296     0.52373      -0.52518
-10.36295   0.00143    -0.00143     0.25393      -0.25475
-10.33792   0.00062    -0.00062     0.10877      -0.10916
-10.31289   0.00023    -0.00023     0.04115      -0.04133
-10.28786   0.00008    -0.00008     0.01375      -0.01382
-10.26283   0.00002    -0.00002     0.00403      -0.00408
-10.23780   0.00000     0.00000     0.00107      -0.00108
-10.21277   0.00000     0.00000     0.00025      -0.00026
-10.18773   0.00000     0.00000     0.00003      -0.00003
-10.16270   0.00000     0.00000     0.00000       0.00000
-10.13767   0.00000     0.00000     0.00000       0.00000
-10.11264   0.00000     0.00000     0.00000       0.00000
-10.08761   0.00000     0.00000     0.00000       0.00000
-10.06258   0.00000     0.00000     0.00000       0.00000
-10.03755   0.00000     0.00000     0.00000       0.00000
-10.01252   0.00000     0.00000     0.00000       0.00000
 -9.98748   0.00000     0.00000     0.00000       0.00000
 -9.96245   0.00000     0.00000     0.00000       0.00000
 -9.93742   0.00000     0.00000     0.00000       0.00000
 -9.91239   0.00000     0.00000     0.00000       0.00000
 -9.88736   0.00000     0.00000     0.00000       0.00000
 -9.86233   0.00000     0.00000     0.00000       0.00000
 -9.83730   0.00000     0.00000     0.00000       0.00000
 -9.81227   0.00000     0.00000     0.00000       0.00000
 -9.78723   0.00000     0.00000     0.00000       0.00000
 -9.76220   0.00000     0.00000     0.00000       0.00000
 -9.73717   0.00000     0.00000     0.00000       0.00000
 -9.71214   0.00000     0.00000     0.00000       0.00000
 -9.68711   0.00000     0.00000     0.00000       0.00000
 -9.66208   0.00000     0.00000     0.00000       0.00000
 -9.63705   0.00000     0.00000     0.00000       0.00000
 -9.61202   0.00000     0.00000     0.00000       0.00000
 -9.58698   0.00000     0.00000     0.00000       0.00000
 -9.56195   0.00000     0.00000     0.00000       0.00000
 -9.53692   0.00000     0.00000     0.00000       0.00000
 -9.51189   0.00000     0.00000     0.00000       0.00000
 -9.48686   0.00000     0.00000     0.00000       0.00000
 -9.46183   0.00000     0.00000     0.00000       0.00000
 -9.43680   0.00000     0.00000     0.00000       0.00000
 -9.41176   0.00000     0.00000     0.00000       0.00000
 -9.38673   0.00000     0.00000     0.00000       0.00000
 -9.36170   0.00000     0.00000     0.00000       0.00000
 -9.33667   0.00000     0.00000     0.00000       0.00000
 -9.31164   0.00000     0.00000     0.00000       0.00000
 -9.28661   0.00000     0.00000     0.00000       0.00000
 -9.26158   0.00000     0.00000     0.00000       0.00000
 -9.23655   0.00000     0.00000     0.00000       0.00000
 -9.21151   0.00000     0.00000     0.00000       0.00000
 -9.18648   0.00000     0.00000     0.00000       0.00000
 -9.16145   0.00000     0.00000     0.00000       0.00000
 -9.13642   0.00000     0.00000     0.00000       0.00000
 -9.11139   0.00000     0.00000     0.00000       0.00000
 -9.08636   0.00000     0.00000     0.00000       0.00000
 -9.06133   0.00000     0.00000     0.00000       0.00000
 -9.03630   0.00000     0.00000     0.00000       0.00000
 -9.01126   0.00000     0.00000     0.00000       0.00000
 -8.98623   0.00000     0.00000     0.00000       0.00000
 -8.96120   0.00000     0.00000     0.00000       0.00000
 -8.93617   0.00000     0.00000     0.00000       0.00000
 -8.91114   0.00000     0.00000     0.00000       0.00000
 -8.88611   0.00000     0.00000     0.00000       0.00000
 -8.86108   0.00000     0.00000     0.00000       0.00000
 -8.83605   0.00000     0.00000     0.00000       0.00000
 -8.81101   0.00000     0.00000     0.00000       0.00000
 -8.78598   0.00000     0.00000     0.00000       0.00000
 -8.76095   0.00001     0.00000     0.00000       0.00000
 -8.73592   0.00003    -0.00003     0.00000       0.00000
 -8.71089   0.00006    -0.00006     0.00004      -0.00004
 -8.68586   0.00014    -0.00013     0.00012      -0.00012
 -8.66083   0.00032    -0.00030     0.00025      -0.00024
 -8.63579   0.00058    -0.00053     0.00050      -0.00050
 -8.61076   0.00099    -0.00094     0.00092      -0.00087
 -8.58573   0.00156    -0.00148     0.00148      -0.00142
 -8.56070   0.00223    -0.00211     0.00209      -0.00202
 -8.53567   0.00286    -0.00273     0.00267      -0.00259
 -8.51064   0.00336    -0.00322     0.00306      -0.00298
 -8.48561   0.00360    -0.00346     0.00313      -0.00305
 -8.46058   0.00364    -0.00349     0.00292      -0.00284
 -8.43554   0.00355    -0.00341     0.00252      -0.00243
 -8.41051   0.00347    -0.00334     0.00207      -0.00202
 -8.38548   0.00350    -0.00335     0.00177      -0.00174
 -8.36045   0.00361    -0.00347     0.00169      -0.00166
 -8.33542   0.00377    -0.00362     0.00191      -0.00184
 -8.31039   0.00386    -0.00372     0.00230      -0.00224
 -8.28536   0.00384    -0.00370     0.00287      -0.00277
 -8.26033   0.00371    -0.00357     0.00344      -0.00332
 -8.23529   0.00354    -0.00341     0.00395      -0.00380
 -8.21026   0.00339    -0.00326     0.00433      -0.00421
 -8.18523   0.00337    -0.00324     0.00479      -0.00463
 -8.16020   0.00351    -0.00337     0.00543      -0.00525
 -8.13517   0.00388    -0.00373     0.00646      -0.00626
 -8.11014   0.00443    -0.00426     0.00786      -0.00762
 -8.08511   0.00501    -0.00483     0.00944      -0.00918
 -8.06008   0.00546    -0.00527     0.01073      -0.01048
 -8.03504   0.00559    -0.00543     0.01146      -0.01118
 -8.01001   0.00539    -0.00523     0.01146      -0.01123
 -7.98498   0.00494    -0.00480     0.01108      -0.01088
 -7.95995   0.00441    -0.00429     0.01089      -0.01068
 -7.93492   0.00405    -0.00393     0.01143      -0.01123
 -7.90989   0.00396    -0.00384     0.01295      -0.01270
 -7.88486   0.00414    -0.00403     0.01526      -0.01495
 -7.85982   0.00452    -0.00438     0.01766      -0.01729
 -7.83479   0.00490    -0.00473     0.01960      -0.01914
 -7.80976   0.00517    -0.00500     0.02065      -0.02015
 -7.78473   0.00530    -0.00511     0.02120      -0.02064
 -7.75970   0.00529    -0.00509     0.02268      -0.02198
 -7.73467   0.00532    -0.00510     0.02858      -0.02751
 -7.70964   0.00560    -0.00535     0.04698      -0.04493
 -7.68461   0.00651    -0.00620     0.09541      -0.09111
 -7.65957   0.00869    -0.00826     0.20744      -0.19885
 -7.63454   0.01305    -0.01243     0.43654      -0.42077
 -7.60951   0.02067    -0.01978     0.84858      -0.82292
 -7.58448   0.03224    -0.03105     1.49433      -1.45824
 -7.55945   0.04739    -0.04591     2.36465      -2.32190
 -7.53442   0.06396    -0.06236     3.35118      -3.31057
 -7.50939   0.07833    -0.07681     4.24847      -4.22165
 -7.48436   0.08642    -0.08525     4.81866      -4.81504
 -7.45932   0.08575    -0.08504     4.89493      -4.91686
 -7.43429   0.07649    -0.07625     4.46212      -4.50346
 -7.40926   0.06146    -0.06152     3.66058      -3.70989
 -7.38423   0.04463    -0.04485     2.71286      -2.75883
 -7.35920   0.02951    -0.02971     1.82526      -1.86088
 -7.33417   0.01797    -0.01813     1.12228      -1.14593
 -7.30914   0.01037    -0.01046     0.63703      -0.65069
 -7.28411   0.00600    -0.00602     0.34026      -0.34712
 -7.25907   0.00389    -0.00385     0.17860      -0.18150
 -7.23404   0.00317    -0.00310     0.10255      -0.10323
 -7.20901   0.00328    -0.00317     0.08123      -0.08037
 -7.18398   0.00402    -0.00385     0.10989      -0.10700
 -7.15895   0.00548    -0.00523     0.21523      -0.20874
 -7.13392   0.00811    -0.00772     0.45791      -0.44516
 -7.10889   0.01252    -0.01195     0.92119      -0.89915
 -7.08385   0.01929    -0.01849     1.67372      -1.64100
 -7.05882   0.02825    -0.02723     2.70697      -2.66609
 -7.03379   0.03820    -0.03698     3.87863      -3.83733
 -7.00876   0.04673    -0.04544     4.91537      -4.88495
 -6.98373   0.05128    -0.05008     5.50612      -5.49665
 -6.95870   0.05021    -0.04925     5.45070      -5.46571
 -6.93367   0.04388    -0.04321     4.76815      -4.80264
 -6.90864   0.03435    -0.03396     3.68602      -3.72924
 -6.88360   0.02445    -0.02422     2.51885      -2.55960
 -6.85857   0.01637    -0.01617     1.52282      -1.55405
 -6.83354   0.01115    -0.01092     0.81666      -0.83665
 -6.80851   0.00891    -0.00854     0.39226      -0.40285
 -6.78348   0.00927    -0.00870     0.17513      -0.17937
 -6.75845   0.01194    -0.01109     0.08286      -0.08336
 -6.73342   0.01677    -0.01554     0.05504      -0.05335
 -6.70839   0.02348    -0.02183     0.05682      -0.05376
 -6.68335   0.03140    -0.02941     0.07065      -0.06670
 -6.65832   0.03936    -0.03720     0.08756      -0.08320
 -6.63329   0.04599    -0.04391     0.10198      -0.09789
 -6.60826   0.05028    -0.04848     0.11056      -0.10729
 -6.58323   0.05201    -0.05061     0.11216      -0.10999
 -6.55820   0.05161    -0.05066     0.10758      -0.10662
 -6.53317   0.04991    -0.04932     0.09901      -0.09900
 -6.50814   0.04748    -0.04714     0.08856      -0.08912
 -6.48310   0.04481    -0.04454     0.07802      -0.07874
 -6.45807   0.04223    -0.04188     0.06883      -0.06935
 -6.43304   0.04005    -0.03957     0.06220      -0.06226
 -6.40801   0.03848    -0.03782     0.05925      -0.05872
 -6.38298   0.03736    -0.03651     0.06058      -0.05941
 -6.35795   0.03640    -0.03544     0.06668      -0.06484
 -6.33292   0.03549    -0.03442     0.07849      -0.07582
 -6.30788   0.03495    -0.03381     0.09905      -0.09525
 -6.28285   0.03550    -0.03424     0.13673      -0.13109
 -6.25782   0.03824    -0.03677     0.21069      -0.20172
 -6.23279   0.04470    -0.04285     0.35664      -0.34209
 -6.20776   0.05672    -0.05430     0.62765      -0.60482
 -6.18273   0.07599    -0.07283     1.08067      -1.04805
 -6.15770   0.10268    -0.09872     1.74509      -1.70441
 -6.13267   0.13409    -0.12955     2.58181      -2.53981
 -6.10763   0.16436    -0.15968     3.45931      -3.42706
 -6.08260   0.18602    -0.18174     4.17599      -4.16496
 -6.05757   0.19337    -0.18987     4.53475      -4.55105
 -6.03254   0.18544    -0.18273     4.43541      -4.47600
 -6.00751   0.16676    -0.16448     3.92796      -3.98086
 -5.98248   0.14517    -0.14279     3.18893      -3.23863
 -5.95745   0.12820    -0.12525     2.43774      -2.47151
 -5.93242   0.12004    -0.11634     1.84631      -1.85830
 -5.90738   0.12096    -0.11665     1.49163      -1.48347
 -5.88235   0.12818    -0.12368     1.36168      -1.34042
 -5.85732   0.13768    -0.13353     1.39185      -1.36713
 -5.83229   0.14551    -0.14222     1.50622      -1.48740
 -5.80726   0.14910    -0.14701     1.64968      -1.64315
 -5.78223   0.14820    -0.14733     1.80560      -1.81290
 -5.75720   0.14498    -0.14501     1.99182      -2.00981
 -5.73217   0.14263    -0.14305     2.23182      -2.25510
 -5.70713   0.14321    -0.14352     2.51466      -2.53877
 -5.68210   0.14629    -0.14614     2.77350      -2.79748
 -5.65707   0.14939    -0.14863     2.90689      -2.93242
 -5.63204   0.14989    -0.14853     2.83307      -2.86180
 -5.60701   0.14680    -0.14490     2.54143      -2.57200
 -5.58198   0.14099    -0.13861     2.10368      -2.13125
 -5.55695   0.13413    -0.13137     1.63863      -1.65655
 -5.53191   0.12768    -0.12465     1.25630      -1.25933
 -5.50688   0.12236    -0.11920     1.01621      -1.00298
 -5.48185   0.11868    -0.11540     0.91676      -0.89026
 -5.45682   0.11713    -0.11369     0.91154      -0.87818
 -5.43179   0.11806    -0.11440     0.93739      -0.90479
 -5.40676   0.12098    -0.11715     0.94050      -0.91506
 -5.38173   0.12433    -0.12051     0.89189      -0.87692
 -5.35670   0.12595    -0.12246     0.78987      -0.78529
 -5.33166   0.12420    -0.12137     0.65270      -0.65572
 -5.30663   0.11897    -0.11695     0.50649      -0.51350
 -5.28160   0.11171    -0.11042     0.37520      -0.38276
 -5.25657   0.10468    -0.10384     0.27442      -0.28047
 -5.23154   0.09994    -0.09920     0.20978      -0.21343
 -5.20651   0.09873    -0.09776     0.17789      -0.17934
 -5.18148   0.10115    -0.09981     0.16897      -0.16915
 -5.15645   0.10635    -0.10467     0.17047      -0.17052
 -5.13141   0.11263    -0.11083     0.17115      -0.17210
 -5.10638   0.11786    -0.11621     0.16445      -0.16669
 -5.08135   0.11998    -0.11869     0.14947      -0.15289
 -5.05632   0.11777    -0.11691     0.12930      -0.13324
 -5.03129   0.11137    -0.11082     0.10817      -0.11193
 -5.00626   0.10234    -0.10187     0.08922      -0.09218
 -4.98123   0.09312    -0.09243     0.07385      -0.07575
 -4.95620   0.08603    -0.08498     0.06231      -0.06316
 -4.93116   0.08266    -0.08116     0.05449      -0.05444
 -4.90613   0.08316    -0.08131     0.05025      -0.04952
 -4.88110   0.08658    -0.08450     0.04932      -0.04812
 -4.85607   0.09122    -0.08902     0.05137      -0.04977
 -4.83104   0.09559    -0.09334     0.05609      -0.05410
 -4.80601   0.09900    -0.09666     0.06372      -0.06131
 -4.78098   0.10197    -0.09940     0.07567      -0.07272
 -4.75594   0.10566    -0.10282     0.09514      -0.09149
 -4.73091   0.11115    -0.10806     0.12872      -0.12420
 -4.70588   0.11851    -0.11536     0.19009      -0.18432
 -4.68085   0.12684    -0.12386     0.30659      -0.29874
 -4.65582   0.13526    -0.13261     0.52563      -0.51411
 -4.63079   0.14432    -0.14188     0.91334      -0.89628
 -4.60576   0.15597    -0.15338     1.53458      -1.51080
 -4.58073   0.17213    -0.16902     2.41261      -2.38343
 -4.55569   0.19217    -0.18833     3.48739      -3.45757
 -4.53066   0.21175    -0.20733     4.60850      -4.58531
 -4.50563   0.22413    -0.21957     5.58822      -5.57816
 -4.48060   0.22383    -0.21963     6.29203      -6.29721
 -4.45557   0.21001    -0.20644     6.69904      -6.71605
 -4.43054   0.18686    -0.18386     6.87632      -6.89874
 -4.40551   0.16118    -0.15847     6.88534      -6.90763
 -4.38048   0.13902    -0.13618     6.70769      -6.72769
 -4.35544   0.12379    -0.12040     6.26409      -6.28228
 -4.33041   0.11639    -0.11218     5.51139      -5.52832
 -4.30538   0.11687    -0.11161     4.52779      -4.54186
 -4.28035   0.12540    -0.11888     3.51062      -3.51841
 -4.25532   0.14234    -0.13428     2.69297      -2.69120
 -4.23029   0.16729    -0.15743     2.24495      -2.23345
 -4.20526   0.19817    -0.18639     2.21879      -2.20256
 -4.18023   0.23085    -0.21742     2.54831      -2.53810
 -4.15519   0.26029    -0.24577     3.08153      -3.09048
 -4.13016   0.28223    -0.26743     3.62614      -3.66334
 -4.10513   0.29536    -0.28088     4.00170      -4.06498
 -4.08010   0.30188    -0.28776     4.09119      -4.16449
 -4.05507   0.30612    -0.29179     3.87417      -3.93294
 -4.03004   0.31191    -0.29645     3.42138      -3.44426
 -4.00501   0.32034    -0.30288     2.85164      -2.83117
 -3.97997   0.32972    -0.30980     2.27602      -2.22163
 -3.95494   0.33778    -0.31544     1.76155      -1.69344
 -3.92991   0.34384    -0.31968     1.32925      -1.26781
 -3.90488   0.34881    -0.32441     0.97502      -0.93223
 -3.87985   0.35280    -0.33118     0.69042      -0.66798
 -3.85482   0.35274    -0.33811     0.47079      -0.46351
 -3.82979   0.34316    -0.33965     0.31220      -0.31314
 -3.80476   0.32008    -0.32946     0.20679      -0.21087
 -3.77972   0.28477    -0.30503     0.14279      -0.14712
 -3.75469   0.24452    -0.27011     0.10724      -0.11055
 -3.72966   0.20941    -0.23328     0.08954      -0.09106
 -3.70463   0.18771    -0.20350     0.08259      -0.08166
 -3.67960   0.18291    -0.18631     0.08204      -0.07805
 -3.65457   0.19358    -0.18253     0.08493      -0.07780
 -3.62954   0.21531    -0.18962     0.08914      -0.07916
 -3.60451   0.24299    -0.20432     0.09314      -0.08102
 -3.57947   0.27237    -0.22469     0.09617      -0.08305
 -3.55444   0.30087    -0.25077     0.09832      -0.08578
 -3.52941   0.32755    -0.28417     0.10054      -0.09038
 -3.50438   0.35283    -0.32676     0.10364      -0.09818
 -3.47935   0.37758    -0.37909     0.10756      -0.10951
 -3.45432   0.40213    -0.43869     0.11098      -0.12322
 -3.42929   0.42556    -0.49927     0.11166      -0.13635
 -3.40426   0.44588    -0.55157     0.10756      -0.14519
 -3.37922   0.46085    -0.58620     0.09803      -0.14660
 -3.35419   0.46884    -0.59693     0.08434      -0.13943
 -3.32916   0.46977    -0.58348     0.06889      -0.12482
 -3.30413   0.46561    -0.55214     0.05437      -0.10569
 -3.27910   0.46072    -0.51412     0.04294      -0.08561
 -3.25407   0.46078    -0.48180     0.03562      -0.06758
 -3.22904   0.47032    -0.46420     0.03245      -0.05342
 -3.20401   0.48998    -0.46337     0.03271      -0.04354
 -3.17897   0.51642    -0.47374     0.03537      -0.03746
 -3.15394   0.54621    -0.48570     0.03957      -0.03426
 -3.12891   0.58212    -0.49255     0.04483      -0.03324
 -3.10388   0.63689    -0.49705     0.05119      -0.03407
 -3.07885   0.72943    -0.51320     0.05887      -0.03667
 -3.05382   0.87390    -0.56126     0.06773      -0.04110
 -3.02879   1.06749    -0.65792     0.07697      -0.04698
 -3.00375   1.28552    -0.80731     0.08523      -0.05375
 -2.97872   1.48816    -0.99731     0.09129      -0.06057
 -2.95369   1.63547    -1.20262     0.09432      -0.06674
 -2.92866   1.70198    -1.39236     0.09419      -0.07173
 -2.90363   1.68368    -1.53810     0.09139      -0.07510
 -2.87860   1.59699    -1.62032     0.08634      -0.07641
 -2.85357   1.47361    -1.63355     0.07995      -0.07537
 -2.82854   1.35311    -1.58973     0.07342      -0.07220
 -2.80350   1.27278    -1.51675     0.06815      -0.06782
 -2.77847   1.25567    -1.44903     0.06537      -0.06365
 -2.75344   1.30290    -1.41333     0.06557      -0.06092
 -2.72841   1.39673    -1.41927     0.06840      -0.06030
 -2.70338   1.51201    -1.46147     0.07294      -0.06151
 -2.67835   1.62607    -1.52995     0.07807      -0.06415
 -2.65332   1.71940    -1.61624     0.08278      -0.06761
 -2.62829   1.77169    -1.70902     0.08603      -0.07150
 -2.60325   1.76376    -1.78652     0.08695      -0.07509
 -2.57822   1.68893    -1.81916     0.08541      -0.07746
 -2.55319   1.56360    -1.78525     0.08222      -0.07812
 -2.52816   1.42408    -1.68715     0.07906      -0.07735
 -2.50313   1.30783    -1.55196     0.07746      -0.07622
 -2.47810   1.23332    -1.41464     0.07829      -0.07587
 -2.45307   1.19440    -1.29828     0.08115      -0.07680
 -2.42804   1.17206    -1.20809     0.08550      -0.07881
 -2.40300   1.15104    -1.14061     0.09087      -0.08195
 -2.37797   1.12566    -1.09513     0.09684      -0.08669
 -2.35294   1.09222    -1.07337     0.10210      -0.09333
 -2.32791   1.03972    -1.06831     0.10413      -0.10077
 -2.30288   0.95194    -1.05656     0.10011      -0.10587
 -2.27785   0.82075    -1.00674     0.08887      -0.10485
 -2.25282   0.65728    -0.89959     0.07180      -0.09554
 -2.22778   0.48942    -0.74293     0.05260      -0.07899
 -2.20275   0.34768    -0.56846     0.03526      -0.05914
 -2.17772   0.25128    -0.41397     0.02238      -0.04047
 -2.15269   0.20475    -0.30561     0.01457      -0.02628
 -2.12766   0.20462    -0.25271     0.01120      -0.01754
 -2.10263   0.24867    -0.25441     0.01112      -0.01369
 -2.07760   0.33882    -0.30871     0.01325      -0.01345
 -2.05257   0.47546    -0.41474     0.01679      -0.01556
 -2.02753   0.64712    -0.56667     0.02088      -0.01899
 -2.00250   0.82388    -0.74476     0.02440      -0.02260
 -1.97747   0.96173    -0.91222     0.02634      -0.02527
 -1.95244   1.01847    -1.02374     0.02593      -0.02609
 -1.92741   0.97310    -1.04307     0.02312      -0.02458
 -1.90238   0.83680    -0.96003     0.01870      -0.02103
 -1.87735   0.64803    -0.79630     0.01371      -0.01633
 -1.85232   0.45592    -0.59607     0.00916      -0.01148
 -1.82728   0.30335    -0.40836     0.00578      -0.00744
 -1.80225   0.21964    -0.27271     0.00391      -0.00471
 -1.77722   0.22313    -0.21506     0.00370      -0.00350
 -1.75219   0.32543    -0.25151     0.00513      -0.00398
 -1.72716   0.52804    -0.39055     0.00825      -0.00616
 -1.70213   0.81100    -0.62637     0.01271      -0.00985
 -1.67710   1.12353    -0.92695     0.01783      -0.01465
 -1.65207   1.39140    -1.22970     0.02253      -0.01958
 -1.62703   1.54465    -1.45752     0.02587      -0.02346
 -1.60200   1.55061    -1.55185     0.02723      -0.02550
 -1.57697   1.42788    -1.50147     0.02672      -0.02546
 -1.55194   1.23078    -1.34459     0.02488      -0.02387
 -1.52691   1.01740    -1.14275     0.02218      -0.02148
 -1.50188   0.82671    -0.94758     0.01904      -0.01884
 -1.47685   0.67832    -0.78598     0.01561      -0.01622
 -1.45181   0.58709    -0.66914     0.01226      -0.01355
 -1.42678   0.57376    -0.61034     0.00951      -0.01102
 -1.40175   0.65962    -0.63102     0.00772      -0.00897
 -1.37672   0.84772    -0.74814     0.00713      -0.00780
 -1.35169   1.10652    -0.95246     0.00760      -0.00753
 -1.32666   1.37182    -1.19742     0.00877      -0.00811
 -1.30163   1.57175    -1.41254     0.01016      -0.00903
 -1.27660   1.66002    -1.53699     0.01160      -0.01006
 -1.25156   1.63440    -1.55100     0.01299      -0.01104
 -1.22653   1.52744    -1.48073     0.01444      -0.01228
 -1.20150   1.37992    -1.37336     0.01578      -0.01394
 -1.17647   1.22050    -1.26390     0.01679      -0.01587
 -1.15144   1.06358    -1.15989     0.01717      -0.01754
 -1.12641   0.91882    -1.05216     0.01679      -0.01841
 -1.10138   0.79762    -0.93529     0.01580      -0.01812
 -1.07635   0.71113    -0.81843     0.01442      -0.01681
 -1.05131   0.66817    -0.72124     0.01307      -0.01496
 -1.02628   0.68082    -0.66569     0.01204      -0.01313
 -1.00125   0.77438    -0.67543     0.01194      -0.01194
 -0.97622   0.98868    -0.78099     0.01364      -0.01204
 -0.95119   1.35972    -1.01738     0.01804      -0.01410
 -0.92616   1.88724    -1.40530     0.02594      -0.01881
 -0.90113   2.51153    -1.92428     0.03734      -0.02654
 -0.87610   3.12272    -2.50117     0.05132      -0.03698
 -0.85106   3.60523    -3.03173     0.06603      -0.04918
 -0.82603   3.89018    -3.42747     0.07908      -0.06174
 -0.80100   3.97961    -3.65623     0.08857      -0.07321
 -0.77597   3.92525    -3.74622     0.09329      -0.08261
 -0.75094   3.78101    -3.75060     0.09290      -0.08905
 -0.72591   3.56743    -3.70052     0.08780      -0.09198
 -0.70088   3.27426    -3.58309     0.07860      -0.09057
 -0.67584   2.89327    -3.35992     0.06629      -0.08430
 -0.65081   2.44886    -3.01025     0.05253      -0.07339
 -0.62578   1.99965    -2.56223     0.03925      -0.05929
 -0.60075   1.61255    -2.08961     0.02821      -0.04454
 -0.57572   1.33265    -1.67751     0.02045      -0.03164
 -0.55069   1.17081    -1.38467     0.01586      -0.02219
 -0.52566   1.11225    -1.22576     0.01380      -0.01651
 -0.50063   1.13283    -1.17882     0.01332      -0.01389
 -0.47559   1.20786    -1.20464     0.01364      -0.01327
 -0.45056   1.30856    -1.26231     0.01419      -0.01363
 -0.42553   1.39641    -1.31466     0.01452      -0.01408
 -0.40050   1.42777    -1.32959     0.01425      -0.01409
 -0.37547   1.37175    -1.28391     0.01327      -0.01331
 -0.35044   1.22904    -1.16973     0.01187      -0.01172
 -0.32541   1.03617    -0.99740     0.01075      -0.00957
 -0.30038   0.84945    -0.79135     0.01058      -0.00723
 -0.27534   0.71729    -0.58141     0.01185      -0.00505
 -0.25031   0.65684    -0.39402     0.01430      -0.00327
 -0.22528   0.64825    -0.24700     0.01704      -0.00205
 -0.20025   0.64875    -0.14847     0.01887      -0.00141
 -0.17522   0.61783    -0.09975     0.01884      -0.00148
 -0.15019   0.53821    -0.09962     0.01677      -0.00231
 -0.12516   0.42066    -0.14682     0.01321      -0.00419
 -0.10013   0.29255    -0.23763     0.00924      -0.00716
 -0.07509   0.18067    -0.35976     0.00575      -0.01092
 -0.05006   0.09951    -0.48798     0.00320      -0.01478
 -0.02503   0.04974    -0.58758     0.00164      -0.01773
  0.00000   0.02379    -0.62717     0.00083      -0.01883
  0.02503   0.01225    -0.59362     0.00049      -0.01770
  0.05006   0.00774    -0.49864     0.00037      -0.01474
  0.07509   0.00595    -0.37219     0.00032      -0.01086
  0.10013   0.00503    -0.24733     0.00026      -0.00711
  0.12516   0.00474    -0.14704     0.00021      -0.00414
  0.15019   0.00586    -0.07961     0.00021      -0.00217
  0.17522   0.01000    -0.04236     0.00023      -0.00108
  0.20025   0.01929    -0.02824     0.00037      -0.00062
  0.22528   0.03618    -0.03108     0.00067      -0.00055
  0.25031   0.06238    -0.04727     0.00119      -0.00078
  0.27534   0.09765    -0.07489     0.00190      -0.00125
  0.30038   0.13894    -0.11166     0.00290      -0.00200
  0.32541   0.18154    -0.15387     0.00423      -0.00305
  0.35044   0.22144    -0.19708     0.00602      -0.00456
  0.37547   0.25808    -0.23826     0.00842      -0.00660
  0.40050   0.29395    -0.27753     0.01159      -0.00939
  0.42553   0.33070    -0.31656     0.01534      -0.01293
  0.45056   0.36448    -0.35433     0.01905      -0.01678
  0.47559   0.38498    -0.38387     0.02178      -0.02017
  0.50063   0.38047    -0.39373     0.02257      -0.02210
  0.52566   0.34537    -0.37440     0.02112      -0.02190
  0.55069   0.28481    -0.32522     0.01775      -0.01951
  0.57572   0.21244    -0.25597     0.01340      -0.01557
  0.60075   0.14374    -0.18238     0.00913      -0.01118
  0.62578   0.08952    -0.11863     0.00566      -0.00723
  0.65081   0.05331    -0.07215     0.00324      -0.00432
  0.67584   0.03280    -0.04316     0.00181      -0.00241
  0.70088   0.02303    -0.02735     0.00105      -0.00131
  0.72591   0.01964    -0.01990     0.00072      -0.00077
  0.75094   0.02038    -0.01765     0.00062      -0.00057
  0.77597   0.02557    -0.02004     0.00090      -0.00068
  0.80100   0.03736    -0.02854     0.00160      -0.00119
  0.82603   0.05815    -0.04540     0.00293      -0.00229
  0.85106   0.08869    -0.07187     0.00494      -0.00400
  0.87610   0.12647    -0.10657     0.00746      -0.00632
  0.90113   0.16605    -0.14521     0.01031      -0.00900
  0.92616   0.20127    -0.18207     0.01297      -0.01175
  0.95119   0.22881    -0.21306     0.01527      -0.01421
  0.97622   0.24988    -0.23790     0.01707      -0.01628
  1.00125   0.26838    -0.25953     0.01844      -0.01780
  1.02628   0.28634    -0.28060     0.01934      -0.01882
  1.05131   0.30060    -0.29944     0.01959      -0.01921
  1.07635   0.30326    -0.30922     0.01895      -0.01879
  1.10138   0.28663    -0.30132     0.01732      -0.01745
  1.12641   0.24881    -0.27118     0.01476      -0.01526
  1.15144   0.19588    -0.22212     0.01174      -0.01247
  1.17647   0.13903    -0.16422     0.00877      -0.00955
  1.20150   0.08919    -0.10951     0.00635      -0.00703
  1.22653   0.05286    -0.06660     0.00474      -0.00515
  1.25156   0.03144    -0.03863     0.00420      -0.00417
  1.27660   0.02366    -0.02470     0.00498      -0.00418
  1.30163   0.02851    -0.02301     0.00764      -0.00562
  1.32666   0.04732    -0.03353     0.01324      -0.00923
  1.35169   0.08301    -0.05881     0.02290      -0.01610
  1.37672   0.13702    -0.10190     0.03713      -0.02728
  1.40175   0.20503    -0.16238     0.05484      -0.04276
  1.42678   0.27431    -0.23244     0.07279      -0.06065
  1.45181   0.32642    -0.29626     0.08622      -0.07692
  1.47685   0.34471    -0.33508     0.09089      -0.08682
  1.50188   0.32312    -0.33611     0.08520      -0.08711
  1.52691   0.26957    -0.29941     0.07128      -0.07780
  1.55194   0.20176    -0.23781     0.05369      -0.06217
  1.57697   0.13843    -0.17011     0.03716      -0.04494
  1.60200   0.09242    -0.11240     0.02472      -0.03013
  1.62703   0.06918    -0.07365     0.01738      -0.01972
  1.65207   0.06940    -0.05651     0.01482      -0.01413
  1.67710   0.09159    -0.06081     0.01634      -0.01282
  1.70213   0.13208    -0.08558     0.02104      -0.01524
  1.72716   0.18301    -0.12809     0.02781      -0.02076
  1.75219   0.23179    -0.18128     0.03491      -0.02833
  1.77722   0.26427    -0.23309     0.04054      -0.03639
  1.80225   0.27110    -0.26954     0.04349      -0.04303
  1.82728   0.25271    -0.28103     0.04392      -0.04708
  1.85232   0.21935    -0.26745     0.04335      -0.04862
  1.87735   0.18538    -0.23830     0.04400      -0.04920
  1.90238   0.16197    -0.20722     0.04728      -0.05080
  1.92741   0.15212    -0.18451     0.05293      -0.05446
  1.95244   0.15090    -0.17242     0.05879      -0.05931
  1.97747   0.14957    -0.16570     0.06204      -0.06304
  2.00250   0.14090    -0.15647     0.06042      -0.06300
  2.02753   0.12245    -0.13931     0.05349      -0.05782
  2.05257   0.09682    -0.11396     0.04280      -0.04805
  2.07760   0.06925    -0.08453     0.03090      -0.03598
  2.10263   0.04473    -0.05651     0.02013      -0.02424
  2.12766   0.02620    -0.03404     0.01205      -0.01481
  2.15269   0.01424    -0.01872     0.00715      -0.00864
  2.17772   0.00796    -0.01006     0.00545      -0.00592
  2.20275   0.00612    -0.00669     0.00690      -0.00651
  2.22778   0.00772    -0.00734     0.01163      -0.01054
  2.25282   0.01199    -0.01105     0.01965      -0.01798
  2.27785   0.01806    -0.01690     0.03009      -0.02823
  2.30288   0.02447    -0.02350     0.04090      -0.03945
  2.32791   0.02950    -0.02906     0.04928      -0.04884
  2.35294   0.03151    -0.03188     0.05258      -0.05350
  2.37797   0.03004    -0.03114     0.04981      -0.05204
  2.40300   0.02601    -0.02742     0.04244      -0.04523
  2.42804   0.02137    -0.02251     0.03340      -0.03593
  2.45307   0.01817    -0.01853     0.02591      -0.02746
  2.47810   0.01769    -0.01697     0.02199      -0.02219
  2.50313   0.02006    -0.01831     0.02205      -0.02098
  2.52816   0.02441    -0.02197     0.02509      -0.02322
  2.55319   0.02935    -0.02672     0.02974      -0.02772
  2.57822   0.03349    -0.03133     0.03488      -0.03346
  2.60325   0.03596    -0.03479     0.04015      -0.03986
  2.62829   0.03634    -0.03637     0.04605      -0.04715
  2.65332   0.03464    -0.03581     0.05430      -0.05659
  2.67835   0.03118    -0.03306     0.06822      -0.07131
  2.70338   0.02641    -0.02854     0.09338      -0.09651
  2.72841   0.02112    -0.02304     0.13597      -0.13840
  2.75344   0.01626    -0.01771     0.19921      -0.20031
  2.77847   0.01279    -0.01364     0.27900      -0.27840
  2.80350   0.01150    -0.01175     0.36164      -0.35918
  2.82854   0.01271    -0.01246     0.42780      -0.42355
  2.85357   0.01622    -0.01563     0.46065      -0.45512
  2.87860   0.02143    -0.02071     0.45424      -0.44818
  2.90363   0.02757    -0.02682     0.41542      -0.40982
  2.92866   0.03399    -0.03327     0.35909      -0.35471
  2.95369   0.04043    -0.03964     0.30036      -0.29750
  2.97872   0.04672    -0.04592     0.24900      -0.24748
  3.00375   0.05264    -0.05199     0.20799      -0.20757
  3.02879   0.05738    -0.05737     0.17590      -0.17669
  3.05382   0.05981    -0.06093     0.15013      -0.15233
  3.07885   0.05908    -0.06154     0.12984      -0.13352
  3.10388   0.05546    -0.05901     0.11704      -0.12168
  3.12891   0.05051    -0.05447     0.11611      -0.12059
  3.15394   0.04643    -0.04999     0.13115      -0.13431
  3.17897   0.04462    -0.04732     0.16287      -0.16397
  3.20401   0.04486    -0.04665     0.20697      -0.20592
  3.22904   0.04549    -0.04665     0.25549      -0.25292
  3.25407   0.04452    -0.04538     0.30069      -0.29767
  3.27910   0.04103    -0.04181     0.33851      -0.33661
  3.30413   0.03568    -0.03642     0.36929      -0.37034
  3.32916   0.03017    -0.03083     0.39511      -0.40060
  3.35419   0.02637    -0.02688     0.41704      -0.42724
  3.37922   0.02556    -0.02589     0.43494      -0.44822
  3.40426   0.02820    -0.02841     0.44925      -0.46225
  3.42929   0.03393    -0.03408     0.46197      -0.47096
  3.45432   0.04151    -0.04177     0.47533      -0.47814
  3.47935   0.04907    -0.04965     0.48990      -0.48708
  3.50438   0.05440    -0.05551     0.50415      -0.49877
  3.52941   0.05590    -0.05762     0.51619      -0.51191
  3.55444   0.05316    -0.05536     0.52480      -0.52414
  3.57947   0.04708    -0.04943     0.52878      -0.53194
  3.60451   0.03936    -0.04153     0.52484      -0.53015
  3.62954   0.03175    -0.03347     0.50752      -0.51273
  3.65457   0.02546    -0.02660     0.47238      -0.47599
  3.67960   0.02108    -0.02170     0.42076      -0.42239
  3.70463   0.01889    -0.01907     0.36182      -0.36188
  3.72966   0.01888    -0.01875     0.30897      -0.30807
  3.75469   0.02077    -0.02043     0.27324      -0.27165
  3.77972   0.02391    -0.02347     0.25846      -0.25598
  3.80476   0.02748    -0.02700     0.26166      -0.25793
  3.82979   0.03073    -0.03030     0.27762      -0.27248
  3.85482   0.03334    -0.03302     0.30240      -0.29642
  3.87985   0.03539    -0.03522     0.33409      -0.32831
  3.90488   0.03698    -0.03703     0.37062      -0.36643
  3.92991   0.03812    -0.03843     0.40843      -0.40711
  3.95494   0.03853    -0.03913     0.44383      -0.44609
  3.97997   0.03800    -0.03883     0.47506      -0.48087
  4.00501   0.03651    -0.03751     0.50302      -0.51180
  4.03004   0.03438    -0.03544     0.52962      -0.54049
  4.05507   0.03219    -0.03319     0.55560      -0.56731
  4.08010   0.03044    -0.03136     0.57930      -0.59033
  4.10513   0.02947    -0.03031     0.59765      -0.60651
  4.13016   0.02933    -0.03005     0.60800      -0.61349
  4.15519   0.02966    -0.03034     0.60920      -0.61094
  4.18023   0.02997    -0.03060     0.60213      -0.60068
  4.20526   0.02984    -0.03042     0.58949      -0.58607
  4.23029   0.02926    -0.02978     0.57499      -0.57092
  4.25532   0.02863    -0.02907     0.56198      -0.55827
  4.28035   0.02851    -0.02882     0.55235      -0.54937
  4.30538   0.02906    -0.02934     0.54628      -0.54383
  4.33041   0.03016    -0.03043     0.54353      -0.54124
  4.35544   0.03129    -0.03161     0.54506      -0.54243
  4.38048   0.03205    -0.03245     0.55313      -0.54976
  4.40551   0.03235    -0.03282     0.57026      -0.56594
  4.43054   0.03234    -0.03283     0.59717      -0.59209
  4.45557   0.03223    -0.03273     0.63157      -0.62635
  4.48060   0.03208    -0.03255     0.66764      -0.66342
  4.50563   0.03162    -0.03209     0.69674      -0.69470
  4.53066   0.03054    -0.03104     0.70981      -0.71066
  4.55569   0.02875    -0.02926     0.70267      -0.70597
  4.58073   0.02651    -0.02695     0.68139      -0.68522
  4.60576   0.02462    -0.02486     0.66377      -0.66502
  4.63079   0.02405    -0.02399     0.67312      -0.66867
  4.65582   0.02545    -0.02512     0.72650      -0.71465
  4.68085   0.02886    -0.02835     0.82411      -0.80583
  4.70588   0.03334    -0.03294     0.94735      -0.92643
  4.73091   0.03755    -0.03749     1.06643      -1.04841
  4.75594   0.04001    -0.04052     1.15330      -1.14302
  4.78098   0.04005    -0.04108     1.19122      -1.19090
  4.80601   0.03777    -0.03915     1.17775      -1.18600
  4.83104   0.03409    -0.03550     1.12073      -1.13373
  4.85607   0.03015    -0.03131     1.03391      -1.04699
  4.88110   0.02683    -0.02764     0.93394      -0.94368
  4.90613   0.02467    -0.02513     0.84077      -0.84569
  4.93116   0.02372    -0.02394     0.77760      -0.77790
  4.95620   0.02363    -0.02376     0.76737      -0.76409
  4.98123   0.02382    -0.02397     0.82536      -0.81981
  5.00626   0.02361    -0.02391     0.95070      -0.94394