    energy       Au-d_up     Au-d_down
-10.166704  0.000000e+00  0.000000e+00
-10.100704  0.000000e+00  0.000000e+00
-10.034704  0.000000e+00  0.000000e+00
 -9.968704 -8.257686e-32  2.769482e-31
 -9.902704 -2.134291e-27  6.482013e-27
 -9.836704 -2.292045e-23  6.304132e-23
 -9.770704 -1.021273e-19  2.543011e-19
 -9.704704 -1.821203e-16  4.101246e-16
 -9.638704 -1.372303e-13  2.794190e-13
 -9.572704 -4.222560e-11  7.766097e-11
 -9.506704 -5.240123e-09  8.687755e-09
 -9.440704 -2.557850e-07  3.806861e-07
 -9.374704 -4.634553e-06  6.123715e-06
 -9.308704 -2.599302e-05  2.919016e-05
 -9.242704 -2.592821e-06 -1.151488e-05
 -9.176704  1.965065e-04 -2.325162e-04
 -9.111704  7.351951e-04 -8.904205e-04
 -9.045704  2.768123e-03 -3.085543e-03
 -8.979704  3.694515e-03 -3.566842e-03
 -8.913704  9.224823e-04 -6.268112e-04
 -8.847704  3.625558e-04 -6.858087e-04
 -8.781704  5.186987e-03 -5.861995e-03
 -8.715704  9.352167e-03 -9.740083e-03
 -8.649704  1.259215e-02 -1.297969e-02
 -8.583704  1.116084e-02 -1.037566e-02
 -8.517704  2.313697e-03 -1.480564e-03
 -8.451704 -2.986951e-03  3.359415e-03
 -8.385704 -1.816626e-03  3.431722e-04
 -8.319704  3.079856e-02 -3.660181e-02
 -8.253704  7.260122e-02 -7.365935e-02
 -8.187704  6.753423e-02 -6.476783e-02
 -8.121704  7.012220e-02 -7.224977e-02
 -8.055704  7.580503e-02 -7.644378e-02
 -7.989704  5.035475e-02 -4.664144e-02
 -7.923704  4.346045e-02 -4.323550e-02
 -7.857704  5.911257e-02 -5.945114e-02
 -7.791704  7.689300e-02 -8.185532e-02
 -7.725704  1.473836e-01 -1.629997e-01
 -7.659704  2.648273e-01 -2.781381e-01
 -7.593704  2.422935e-01 -2.236268e-01
 -7.527704  8.072159e-02 -7.127749e-02
 -7.461704  2.149382e-01 -2.485540e-01
 -7.396704  4.288056e-01 -4.407827e-01
 -7.330704  3.254622e-01 -3.317413e-01
 -7.264704  4.116496e-01 -4.646775e-01
 -7.198704  4.666777e-01 -4.356605e-01
 -7.132704  3.276496e-01 -3.531762e-01
 -7.066704  1.029808e+00 -1.197262e+00
 -7.000704  1.819802e+00 -1.896290e+00
 -6.934704  1.904346e+00 -1.871457e+00
 -6.868704  1.640416e+00 -1.706250e+00
 -6.802704  3.010058e+00 -3.541579e+00
 -6.736704  6.532529e+00 -6.919350e+00
 -6.670704  7.052656e+00 -6.778214e+00
 -6.604704  5.465489e+00 -5.782747e+00
 -6.538704  9.396212e+00 -1.067700e+01
 -6.472704  1.544103e+01 -1.566691e+01
 -6.406704  1.292711e+01 -1.182819e+01
 -6.340704  8.795267e+00 -9.024207e+00
 -6.274704  1.401772e+01 -1.581170e+01
 -6.208704  2.414470e+01 -2.575569e+01
 -6.142704  2.842672e+01 -2.846844e+01
 -6.076704  2.401915e+01 -2.279045e+01
 -6.010704  1.862446e+01 -1.795822e+01
 -5.944704  2.014938e+01 -2.093400e+01
 -5.878704  2.471526e+01 -2.543235e+01
 -5.812704  2.410600e+01 -2.381745e+01
 -5.746704  2.383815e+01 -2.432902e+01
 -5.681704  3.097373e+01 -3.156481e+01
 -5.615704  3.579541e+01 -3.550089e+01
 -5.549704  3.388015e+01 -3.348791e+01
 -5.483704  2.953645e+01 -2.893581e+01
 -5.417704  2.585554e+01 -2.578816e+01
 -5.351704  2.676868e+01 -2.675318e+01
 -5.285704  2.457607e+01 -2.372067e+01
 -5.219704  1.704963e+01 -1.666237e+01
 -5.153704  1.762982e+01 -1.915574e+01
 -5.087704  2.586979e+01 -2.714255e+01
 -5.021704  2.817299e+01 -2.853317e+01
 -4.955704  3.205130e+01 -3.393080e+01
 -4.889704  4.464840e+01 -4.646030e+01
 -4.823704  4.885600e+01 -4.747560e+01
 -4.757704  3.801300e+01 -3.613153e+01
 -4.691704  3.287636e+01 -3.361101e+01
 -4.625704  3.776077e+01 -3.914844e+01
 -4.559704  4.049819e+01 -4.145876e+01
 -4.493704  4.305331e+01 -4.293575e+01
 -4.427704  4.143571e+01 -3.922837e+01
 -4.361704  3.766882e+01 -3.842976e+01
 -4.295704  5.541270e+01 -6.009050e+01
 -4.229704  6.895550e+01 -6.842000e+01
 -4.163704  5.392787e+01 -5.194716e+01
 -4.097704  4.698327e+01 -4.747598e+01
 -4.032704  4.965410e+01 -4.996720e+01
 -3.966704  4.845450e+01 -4.764670e+01
 -3.900704  4.360465e+01 -4.289474e+01
 -3.834704  4.166684e+01 -4.100678e+01
 -3.768704  3.770405e+01 -3.661148e+01
 -3.702704  3.743702e+01 -3.912739e+01
 -3.636704  4.875220e+01 -5.144840e+01
 -3.570704  5.535860e+01 -5.443280e+01
 -3.504704  4.758890e+01 -4.531290e+01
 -3.438704  4.163821e+01 -4.147464e+01
 -3.372704  3.926399e+01 -3.962541e+01
 -3.306704  3.834687e+01 -3.900663e+01
 -3.240704  4.266040e+01 -4.360131e+01
 -3.174704  4.675159e+01 -4.709750e+01
 -3.108704  4.523609e+01 -4.414540e+01
 -3.042704  3.876791e+01 -3.745400e+01
 -2.976704  3.575988e+01 -3.717581e+01
 -2.910704  4.504230e+01 -4.749170e+01
 -2.844704  5.460270e+01 -5.358831e+01
 -2.778704  4.822345e+01 -4.489980e+01
 -2.712704  3.653119e+01 -3.700797e+01
 -2.646704  4.522765e+01 -4.886945e+01
 -2.580704  5.680634e+01 -5.669368e+01
 -2.514704  5.066350e+01 -4.940380e+01
 -2.448704  4.356096e+01 -4.286238e+01
 -2.382704  4.096229e+01 -4.137565e+01
 -2.317704  4.720936e+01 -4.968473e+01
 -2.251704  5.809377e+01 -6.033563e+01
 -2.185704  6.279200e+01 -6.293910e+01
 -2.119704  6.294220e+01 -6.513880e+01
 -2.053704  6.822440e+01 -7.116050e+01
 -1.987704  7.322440e+01 -7.013700e+01
 -1.921704  5.999260e+01 -5.185548e+01
 -1.855704  2.887519e+01 -2.439338e+01
 -1.789704  2.163757e+01 -2.291566e+01
 -1.723704  2.614344e+01 -2.576614e+01
 -1.657704  1.999483e+01 -1.954494e+01
 -1.591704  1.468520e+01 -1.397395e+01
 -1.525704  1.020060e+01 -9.081568e+00
 -1.459704  7.251393e+00 -6.852809e+00
 -1.393704  6.674628e+00 -6.746135e+00
 -1.327704  6.857609e+00 -6.565348e+00
 -1.261704  3.549759e+00 -2.864718e+00
 -1.195704  8.808751e-01 -7.862549e-01
 -1.129704  8.491823e-01 -8.211955e-01
 -1.063704  2.891249e-01 -1.571235e-01
 -0.997704 -2.987272e-01  3.236308e-01
 -0.931704  3.441144e-01 -6.879521e-01
 -0.865704  3.944936e+00 -4.901098e+00
 -0.799704  9.281660e+00 -1.015699e+01
 -0.733704  1.041166e+01 -9.855512e+00
 -0.667704  5.530296e+00 -4.407191e+00
 -0.602704  1.839313e+00 -1.501573e+00
 -0.536704  8.267780e-01 -7.396110e-01
 -0.470704  4.344211e-01 -4.885052e-01
 -0.404704  2.343850e+00 -2.897677e+00
 -0.338704  6.546628e+00 -6.909977e+00
 -0.272704  6.481144e+00 -6.056000e+00
 -0.206704  3.229659e+00 -2.869637e+00
 -0.140704  1.209550e+00 -1.014120e+00
 -0.074704  4.288743e-01 -4.478634e-01
 -0.008704  8.951771e-01 -9.514166e-01
  0.057296  9.776497e-01 -9.054338e-01
  0.123296  5.714243e-01 -5.455319e-01
  0.189296  4.843400e-01 -4.772332e-01
  0.255296  1.008829e+00 -1.380340e+00
  0.321296  4.491444e+00 -5.336829e+00
  0.387296  7.979124e+00 -7.988706e+00
  0.453296  6.244593e+00 -5.615395e+00
  0.519296  3.659050e+00 -3.371950e+00
  0.585296  2.611149e+00 -2.460464e+00
  0.651296  1.676479e+00 -1.524575e+00
  0.717296  6.284274e-01 -4.971672e-01
  0.783296 -6.836648e-02 -8.326320e-03
  0.849296  1.655800e+00 -2.210363e+00
  0.915296  5.585208e+00 -5.898001e+00
  0.981296  5.157407e+00 -4.570101e+00
  1.046296  1.154685e+00 -7.780876e-01
  1.112296  1.342417e-01 -2.456778e-01
  1.178296  1.051947e+00 -1.110305e+00
  1.244296  1.084043e+00 -9.734874e-01
  1.310296  2.790109e-01 -2.062641e-01
  1.376296  1.449856e-01 -2.714068e-01
  1.442296  1.351260e+00 -1.628619e+00
  1.508296  2.492379e+00 -2.558279e+00
  1.574296  2.915369e+00 -2.938481e+00
  1.640296  4.322760e+00 -4.434010e+00
  1.706296  4.820025e+00 -4.761574e+00
  1.772296  3.606785e+00 -3.524155e+00
  1.838296  2.379627e+00 -2.204366e+00
  1.904296  8.609708e-01 -7.053511e-01
  1.970296  1.380053e-01 -1.622203e-01
  2.036296  5.832914e-01 -6.533961e-01
  2.102296  9.153950e-01 -8.910208e-01
  2.168296  8.222108e-01 -9.977470e-01
  2.234296  2.311072e+00 -2.768146e+00
  2.300296  3.624735e+00 -3.571561e+00
  2.366296  1.833858e+00 -1.554941e+00
  2.432296  7.620097e-01 -7.724821e-01
  2.498296  1.072851e+00 -1.065547e+00
  2.564296  1.098226e+00 -1.084876e+00
  2.630296  1.205241e+00 -1.218603e+00
  2.696296  9.063057e-01 -8.412384e-01
  2.761296  4.987146e-01 -5.386814e-01
  2.827296  8.708509e-01 -9.101392e-01
  2.893296  8.451400e-01 -8.174110e-01
  2.959296  1.468083e+00 -1.649278e+00
  3.025296  2.387235e+00 -2.345341e+00
  3.091296  1.389544e+00 -1.244406e+00
  3.157296  1.559185e+00 -1.826857e+00
  3.223296  3.346905e+00 -3.473869e+00
  3.289296  2.806093e+00 -2.550457e+00
  3.355296  1.669865e+00 -1.640866e+00
  3.421296  2.101779e+00 -2.122999e+00
  3.487296  1.666000e+00 -1.493612e+00
  3.553296  6.420460e-01 -6.078913e-01
  3.619296  9.376880e-01 -9.484991e-01
  3.685296  9.729470e-01 -7.687732e-01
  3.751296  2.997071e-01 -1.556002e-01
  3.817296  3.718330e-01 -3.792014e-01
  3.883296  1.186732e+00 -1.248770e+00
  3.949296  1.892148e+00 -1.982703e+00
  4.015296  1.890579e+00 -1.909274e+00
  4.081296  1.847641e+00 -1.697129e+00
  4.147296  2.133455e+00 -1.799604e+00
  4.213296  1.574587e+00 -1.350780e+00
  4.279296  1.129156e+00 -1.126110e+00
  4.345296  9.795803e-01 -9.371077e-01
  4.411296  5.011279e-01 -4.499610e-01
  4.476296  5.080451e-01 -5.650266e-01
  4.542296  1.318785e+00 -1.452326e+00
  4.608296  2.161512e+00 -2.184405e+00
  4.674296  1.807870e+00 -1.684746e+00
  4.740296  1.614551e+00 -1.682384e+00
  4.806296  2.191653e+00 -2.539223e+00
  4.872296  1.387336e+00 -1.985629e+00
  4.938296  7.323862e-01 -1.076938e+00
  5.004296  7.348730e-01 -6.923143e-01
  5.070296  8.315970e-01 -9.790609e-01
  5.136296  1.361613e+00 -1.847292e+00
  5.202296  1.605612e+00 -1.965166e+00
  5.268296  1.142899e+00 -1.186108e+00
  5.334296  9.133768e-01 -9.498040e-01
  5.400296  1.463869e+00 -1.524606e+00
  5.466296  1.721831e+00 -1.664314e+00
  5.532296  1.084934e+00 -9.780890e-01
  5.598296  4.503451e-01 -4.320916e-01
  5.664296  3.781414e-01 -5.249718e-01
  5.730296  9.553310e-01 -1.128685e+00
  5.796296  1.430851e+00 -1.413198e+00
  5.862296  1.388378e+00 -1.352986e+00
  5.928296  1.117150e+00 -1.487374e+00
  5.994296  7.647450e-01 -1.447946e+00
  6.060296  4.099448e-01 -7.515890e-01
  6.126296  3.780284e-01 -4.219628e-01
  6.191296  7.577599e-01 -7.379395e-01
  6.257296  7.701439e-01 -7.054966e-01
  6.323296  1.171408e+00 -1.150784e+00
  6.389296  2.437267e+00 -2.154602e+00
  6.455296  2.094132e+00 -1.649341e+00
  6.521296  8.375080e-01 -9.247690e-01
  6.587296  7.079311e-01 -1.277287e+00
  6.653296  7.987188e-01 -1.127005e+00
  6.719296  4.272989e-01 -4.390688e-01
  6.785296  5.748151e-01 -5.381321e-01
  6.851296  1.146342e+00 -9.337743e-01
  6.917296  1.240886e+00 -1.083219e+00
  6.983296  1.240560e+00 -1.222833e+00
  7.049296  1.023688e+00 -9.461995e-01
  7.115296  6.092192e-01 -4.704610e-01
  7.181296  6.791426e-01 -4.426006e-01
  7.247296  1.000033e+00 -8.757948e-01
  7.313296  9.931740e-01 -1.025354e+00
  7.379296  8.058890e-01 -9.697070e-01
  7.445296  1.252053e+00 -1.263412e+00
  7.511296  1.526513e+00 -1.066498e+00
  7.577296  1.027108e+00 -8.015752e-01
  7.643296  1.122692e+00 -9.317360e-01
  7.709296  1.328387e+00 -8.631280e-01
  7.775296  9.264999e-01 -7.079047e-01
  7.840296  5.695951e-01 -6.186958e-01
  7.906296  4.561621e-01 -4.770388e-01
  7.972296  6.297011e-01 -5.116264e-01
  8.038296  6.383976e-01 -4.376998e-01
  8.104296  3.970061e-01 -3.238817e-01
  8.170296  3.575886e-01 -2.414734e-01
  8.236296  3.399818e-01 -1.568136e-01
  8.302296  3.203969e-01 -2.625858e-01
  8.368296  5.061138e-01 -6.974999e-01
  8.434296  7.673510e-01 -9.899300e-01
  8.500296  6.871440e-01 -5.069177e-01
  8.566296  3.569701e-01 -5.583771e-02
  8.632296  1.692506e-01 -2.623429e-02
  8.698296  5.566331e-02 -2.918734e-02
  8.764296 -4.823821e-03 -2.330921e-03
  8.830296 -5.542147e-03  2.395000e-03
  8.896296 -7.810094e-04  4.796178e-04
  8.962296 -3.751870e-05  2.876019e-05
  9.028296 -6.974210e-07  6.430362e-07
  9.094296 -5.221152e-09  5.683370e-09
  9.160296 -1.600366e-11  2.031964e-11
  9.226296 -2.026003e-14  2.971936e-14
  9.292296  0.000000e+00  1.716154e-17
  9.358296  0.000000e+00  0.000000e+00
  9.424296  0.000000e+00  0.000000e+00
  9.490296  0.000000e+00  0.000000e+00
  9.555296  0.000000e+00  0.000000e+00
  9.621296  0.000000e+00  0.000000e+00