   energy  Au-5d_up  Au-5d_down   O-2p_up  O-2p_down
-10.01250   0.00000     0.00000   0.00000    0.00000
 -9.99375   0.00000     0.00000   0.00000    0.00000
 -9.97500   0.00000     0.00000   0.00000    0.00000
 -9.95625   0.00000     0.00000   0.00000    0.00000
 -9.93750   0.00000     0.00000   0.00000    0.00000
 -9.91875   0.00000     0.00000   0.00000    0.00000
 -9.90000   0.00000     0.00000   0.00000    0.00000
 -9.88125   0.00000     0.00000   0.00000    0.00000
 -9.86250   0.00000     0.00000   0.00000    0.00000
 -9.84375   0.00000     0.00000   0.00000    0.00000
 -9.82500   0.00000     0.00000   0.00000    0.00000
 -9.80625   0.00000     0.00000   0.00000    0.00000
 -9.78750   0.00000     0.00000   0.00000    0.00000
 -9.76875   0.00000     0.00000   0.00000    0.00000
 -9.75000   0.00000     0.00000   0.00000    0.00000
 -9.73125   0.00000     0.00000   0.00000    0.00000
 -9.71250   0.00000     0.00000   0.00000    0.00000
 -9.69375   0.00000     0.00000   0.00000    0.00000
 -9.67500   0.00000     0.00000   0.00000    0.00000
 -9.65625   0.00000     0.00000   0.00000    0.00000
 -9.63750   0.00000     0.00000   0.00000    0.00000
 -9.61875   0.00000     0.00000   0.00000    0.00000
 -9.60000   0.00000     0.00000   0.00000    0.00000
 -9.58125   0.00000     0.00000   0.00000    0.00000
 -9.56250   0.00000     0.00000   0.00000    0.00000
 -9.54375   0.00000     0.00000   0.00000    0.00000
 -9.52500   0.00000     0.00000   0.00000    0.00000
 -9.50625   0.00000     0.00000   0.00000    0.00000
 -9.48750   0.00000     0.00000   0.00000    0.00000
 -9.46875   0.00000     0.00000   0.00000    0.00000
 -9.45000   0.00000     0.00000   0.00000    0.00000
 -9.43125   0.00000     0.00000   0.00000    0.00000
 -9.41250   0.00000     0.00000   0.00000    0.00000
 -9.39375   0.00000     0.00000   0.00000    0.00000
 -9.37500   0.00000     0.00000   0.00000    0.00000
 -9.35625   0.00000     0.00000   0.00000    0.00000
 -9.33750   0.00000     0.00000   0.00000    0.00000
 -9.31875   0.00000     0.00000   0.00000    0.00000
 -9.30000   0.00000     0.00000   0.00000    0.00000
 -9.28125   0.00000     0.00000   0.00000    0.00000
 -9.26250   0.00000     0.00000   0.00000    0.00000
 -9.24375   0.00000     0.00000   0.00000    0.00000
 -9.22500   0.00000     0.00000   0.00000    0.00000
 -9.20625   0.00000     0.00000   0.00000    0.00000
 -9.18750   0.00000     0.00000   0.00000    0.00000
 -9.16875   0.00000     0.00000   0.00000    0.00000
 -9.15000   0.00000     0.00000   0.00000    0.00000
 -9.13125   0.00000     0.00000   0.00000    0.00000
 -9.11250   0.00000     0.00000   0.00000    0.00000
 -9.09375   0.00000     0.00000   0.00000    0.00000
 -9.07500   0.00000     0.00000   0.00000    0.00000
 -9.05625   0.00000     0.00000   0.00000    0.00000
 -9.03750   0.00000     0.00000   0.00000    0.00000
 -9.01875   0.00000     0.00000   0.00000    0.00000
 -9.00000   0.00000     0.00000   0.00000    0.00000
 -8.98125   0.00000     0.00000   0.00000    0.00000
 -8.96250   0.00000     0.00000   0.00000    0.00000
 -8.94375   0.00000     0.00000   0.00000    0.00000
 -8.92500   0.00000     0.00000   0.00000    0.00000
 -8.90625   0.00000     0.00000   0.00000    0.00000
 -8.88750   0.00000     0.00000   0.00000    0.00000
 -8.86875   0.00000     0.00000   0.00000    0.00000
 -8.85000   0.00000     0.00000   0.00000    0.00000
 -8.83125   0.00000     0.00000   0.00000    0.00000
 -8.81250   0.00000     0.00000   0.00000    0.00000
 -8.79375   0.00000     0.00000   0.00000    0.00000
 -8.77500   0.00000     0.00000   0.00000    0.00000
 -8.75625   0.00000     0.00000   0.00000    0.00000
 -8.73750   0.00000     0.00000   0.00000    0.00000
 -8.71875   0.00000     0.00000   0.00000    0.00000
 -8.70000   0.00000     0.00000   0.00000    0.00000
 -8.68125   0.00000     0.00000   0.00000    0.00000
 -8.66250   0.00000     0.00000   0.00000    0.00000
 -8.64375   0.00000     0.00000   0.00000    0.00000
 -8.62500   0.00000     0.00000   0.00000    0.00000
 -8.60625   0.00000     0.00000   0.00000    0.00000
 -8.58750   0.00000     0.00000   0.00000    0.00000
 -8.56875   0.00000     0.00000   0.00000    0.00000
 -8.55000   0.00000     0.00000   0.00000    0.00000
 -8.53125   0.00000     0.00000   0.00000    0.00000
 -8.51250   0.00000     0.00000   0.00000    0.00000
 -8.49375   0.00000     0.00000   0.00000    0.00000
 -8.47500   0.00000     0.00000   0.00000    0.00000
 -8.45625   0.00000     0.00000   0.00000    0.00000
 -8.43750   0.00000     0.00000   0.00000    0.00000
 -8.41875   0.00000     0.00000   0.00000    0.00000
 -8.40000   0.00000     0.00000   0.00000    0.00000
 -8.38125   0.00000     0.00000   0.00000    0.00000
 -8.36250   0.00000     0.00000   0.00000    0.00000
 -8.34375   0.00000     0.00000   0.00000    0.00000
 -8.32500   0.00000     0.00000   0.00000    0.00000
 -8.30625   0.00000     0.00000   0.00000    0.00000
 -8.28750   0.00000     0.00000   0.00000    0.00000
 -8.26875   0.00000     0.00000   0.00000    0.00000
 -8.25000   0.00000     0.00000   0.00000    0.00000
 -8.23125   0.00000     0.00000   0.00000    0.00000
 -8.21250   0.00000     0.00000   0.00000    0.00000
 -8.19375   0.00000     0.00000   0.00000    0.00000
 -8.17500   0.00000     0.00000   0.00000    0.00000
 -8.15625   0.00000     0.00000   0.00000    0.00000
 -8.13750   0.00000     0.00000   0.00000    0.00000
 -8.11875   0.00000     0.00000   0.00000    0.00000
 -8.10000   0.00000     0.00000   0.00000    0.00000
 -8.08125   0.00000     0.00000   0.00000    0.00000
 -8.06250   0.00000     0.00000   0.00000    0.00000
 -8.04375   0.00000     0.00000   0.00000    0.00000
 -8.02500   0.00000     0.00000   0.00000    0.00000
 -8.00625   0.00000     0.00000   0.00000    0.00000
 -7.98750   0.00000     0.00000   0.00000    0.00000
 -7.96875   0.00000     0.00000   0.00000    0.00000
 -7.95000   0.00000     0.00000   0.00000    0.00000
 -7.93125   0.00000     0.00000   0.00000    0.00000
 -7.91250   0.00000     0.00000   0.00000    0.00000
 -7.89375   0.00000     0.00000   0.00000    0.00000
 -7.87500   0.00000     0.00000   0.00000    0.00000
 -7.85625   0.00000     0.00000   0.00000    0.00000
 -7.83750   0.00000     0.00000   0.00000    0.00000
 -7.81875   0.00000     0.00000   0.00000    0.00000
 -7.80000   0.00000     0.00000   0.00000    0.00000
 -7.78125   0.00000     0.00000   0.00000    0.00000
 -7.76250   0.00000     0.00000   0.00000    0.00000
 -7.74375   0.00000     0.00000   0.00000    0.00000
 -7.72500   0.00000     0.00000   0.00000    0.00000
 -7.70625   0.00000     0.00000   0.00000    0.00000
 -7.68750   0.00000     0.00000   0.00000    0.00000
 -7.66875   0.00000     0.00000   0.00000    0.00000
 -7.65000   0.00000     0.00000   0.00000    0.00000
 -7.63125   0.00000     0.00000   0.00000    0.00000
 -7.61250   0.00000     0.00000   0.00000    0.00000
 -7.59375   0.00000     0.00000   0.00000    0.00000
 -7.57500   0.00000     0.00000   0.00000    0.00000
 -7.55625   0.00000     0.00000   0.00000    0.00000
 -7.53750   0.00000     0.00000   0.00000    0.00000
 -7.51875   0.00000     0.00000   0.00000    0.00000
 -7.50000   0.00000     0.00000   0.00000    0.00000
 -7.48125   0.00000     0.00000   0.00000    0.00000
 -7.46250   0.00000     0.00000   0.00000    0.00000
 -7.44375   0.00000     0.00000   0.00000    0.00000
 -7.42500   0.00000     0.00000   0.00000    0.00000
 -7.40625   0.00000     0.00000   0.00000    0.00000
 -7.38750   0.00000     0.00000   0.00000    0.00000
 -7.36875   0.00000     0.00000   0.00000    0.00000
 -7.35000   0.00000     0.00000   0.00000    0.00000
 -7.33125   0.00000     0.00000   0.00000    0.00000
 -7.31250   0.00000     0.00000   0.00000    0.00000
 -7.29375   0.00000     0.00000   0.00000    0.00000
 -7.27500   0.00000     0.00000   0.00000    0.00000
 -7.25625   0.00000     0.00000   0.00000    0.00000
 -7.23750   0.00000     0.00000   0.00000    0.00000
 -7.21875   0.00000     0.00000   0.00000    0.00000
 -7.20000   0.00000     0.00000   0.00000    0.00000
 -7.18125   0.00000     0.00000   0.00000    0.00000
 -7.16250   0.00000     0.00000   0.00000    0.00000
 -7.14375   0.00000     0.00000   0.00000    0.00000
 -7.12500   0.00000     0.00000   0.00000    0.00000
 -7.10625   0.00000     0.00000   0.00000    0.00000
 -7.08750   0.00000     0.00000   0.00000    0.00000
 -7.06875   0.00000     0.00000   0.00000    0.00000
 -7.05000   0.00000     0.00000   0.00000    0.00000
 -7.03125   0.00000     0.00000   0.00000    0.00000
 -7.01250   0.00000     0.00000   0.00000    0.00000
 -6.99375   0.00000     0.00000   0.00000    0.00000
 -6.97500   0.00000     0.00000   0.00000    0.00000
 -6.95625   0.00000     0.00000   0.00000    0.00000
 -6.93750   0.00000     0.00000   0.00000    0.00000
 -6.91875   0.00000     0.00000   0.00000    0.00000
 -6.90000   0.00000     0.00000   0.00000    0.00000
 -6.88125   0.00002     0.00000   0.00002    0.00000
 -6.86250   0.00008     0.00000   0.00006    0.00000
 -6.84375   0.00027     0.00000   0.00020    0.00000
 -6.82500   0.00090     0.00000   0.00060    0.00000
 -6.80625   0.00256     0.00000   0.00167    0.00000
 -6.78750   0.00660     0.00000   0.00431    0.00000
 -6.76875   0.01595     0.00000   0.01043   -0.00001
 -6.75000   0.03595    -0.00005   0.02351   -0.00005
 -6.73125   0.07557    -0.00022   0.04940   -0.00015
 -6.71250   0.14797    -0.00072   0.09679   -0.00048
 -6.69375   0.27023    -0.00207   0.17674   -0.00132
 -6.67500   0.46027    -0.00542   0.30101   -0.00348
 -6.65625   0.73088    -0.01329   0.47803   -0.00852
 -6.63750   1.08224    -0.03040   0.70787   -0.01950
 -6.61875   1.49441    -0.06485   0.97743   -0.04163
 -6.60000   1.92422    -0.12903   1.25857   -0.08288
 -6.58125   2.31036    -0.23943   1.51113   -0.15372
 -6.56250   2.58668    -0.41417   1.69186   -0.26591
 -6.54375   2.70056    -0.66812   1.76635   -0.42895
 -6.52500   2.62905    -1.00490   1.71956   -0.64523
 -6.50625   2.38664    -1.40954   1.56102   -0.90501
 -6.48750   2.02036    -1.84360   1.32144   -1.18372
 -6.46875   1.59477    -2.24846   1.04308   -1.44369
 -6.45000   1.17386    -2.55713   0.76777   -1.64186
 -6.43125   0.80570    -2.71183   0.52697   -1.74119
 -6.41250   0.51565    -2.68171   0.33728   -1.72186
 -6.39375   0.30777    -2.47284   0.20131   -1.58775
 -6.37500   0.17127    -2.12631   0.11201   -1.36526
 -6.35625   0.08889    -1.70492   0.05813   -1.09470
 -6.33750   0.04301    -1.27479   0.02811   -0.81848
 -6.31875   0.01942    -0.88874   0.01268   -0.57063
 -6.30000   0.00816    -0.57782   0.00534   -0.37099
 -6.28125   0.00319    -0.35029   0.00210   -0.22489
 -6.26250   0.00117    -0.19800   0.00076   -0.12711
 -6.24375   0.00040    -0.10437   0.00026   -0.06702
 -6.22500   0.00011    -0.05131   0.00008   -0.03294
 -6.20625   0.00003    -0.02352   0.00002   -0.01509
 -6.18750   0.00000    -0.01003   0.00000   -0.00644
 -6.16875   0.00000    -0.00402   0.00000   -0.00257
 -6.15000   0.00000    -0.00148   0.00000   -0.00096
 -6.13125   0.00000    -0.00052   0.00000   -0.00034
 -6.11250   0.00000    -0.00016   0.00000   -0.00011
 -6.09375   0.00000    -0.00003   0.00000   -0.00003
 -6.07500   0.00000     0.00000   0.00000    0.00000
 -6.05625   0.00001     0.00000   0.00002    0.00000
 -6.03750   0.00009     0.00000   0.00004    0.00000
 -6.01875   0.00030     0.00000   0.00015    0.00000
 -6.00000   0.00095     0.00000   0.00046    0.00000
 -5.98125   0.00272     0.00000   0.00131    0.00000
 -5.96250   0.00714     0.00000   0.00345    0.00000
 -5.94375   0.01754     0.00000   0.00844    0.00000
 -5.92500   0.04009     0.00000   0.01930    0.00000
 -5.90625   0.08547    -0.00001   0.04117   -0.00002
 -5.88750   0.17002    -0.00010   0.08189   -0.00005
 -5.86875   0.31544    -0.00038   0.15192   -0.00015
 -5.85000   0.54589    -0.00121   0.26296   -0.00046
 -5.83125   0.88148    -0.00340   0.42476   -0.00129
 -5.81250   1.32887    -0.00883   0.64060   -0.00335
 -5.79375   1.87162    -0.02146   0.90281   -0.00817
 -5.77500   2.46534    -0.04865   1.19047   -0.01850
 -5.75625   3.04279    -0.10283   1.47177   -0.03920
 -5.73750   3.52881    -0.20277   1.71139   -0.07759
 -5.71875   3.86199    -0.37351   1.88063   -0.14348
 -5.70000   4.01359    -0.64275   1.96636   -0.24823
 -5.68125   3.99478    -1.03395   1.97414   -0.40215
 -5.66250   3.84765    -1.55620   1.92355   -0.61105
 -5.64375   3.62525    -2.19404   1.83809   -0.87233
 -5.62500   3.36920    -2.90190   1.73493   -1.17258
 -5.60625   3.09768    -3.60719   1.61945   -1.48798
 -5.58750   2.80717    -4.22366   1.48720   -1.78777
 -5.56875   2.48545    -4.67078   1.33086   -2.03986
 -5.55000   2.12686    -4.89261   1.14826   -2.21678
 -5.53125   1.74108    -4.86902   0.94660   -2.30012
 -5.51250   1.35223    -4.61625   0.74163   -2.28282
 -5.49375   0.99052    -4.17843   0.55267   -2.16955
 -5.47500   0.68151    -3.61507   0.39718   -1.97626
 -5.45625   0.43925    -2.98957   0.28664   -1.72873
 -5.43750   0.26473    -2.36027   0.22577   -1.45913
 -5.41875   0.14917    -1.77526   0.21301   -1.20135
 -5.40000   0.07848    -1.26853   0.24241   -0.98406
 -5.38125   0.03872    -0.85860   0.30438   -0.82530
 -5.36250   0.01812    -0.54901   0.38700   -0.72918
 -5.34375   0.00848    -0.33087   0.47709   -0.68715
 -5.32500   0.00460    -0.18784   0.56232   -0.68271
 -5.30625   0.00374    -0.10069   0.63381   -0.69811
 -5.28750   0.00445    -0.05161   0.68798   -0.71987
 -5.26875   0.00612    -0.02627   0.72652   -0.74103
 -5.25000   0.00839    -0.01456   0.75402   -0.75988
 -5.23125   0.01102    -0.01000   0.77417   -0.77607
 -5.21250   0.01386    -0.00876   0.78647   -0.78684
 -5.19375   0.01717    -0.00873   0.78583   -0.78583
 -5.17500   0.02204    -0.00892   0.76463   -0.76446
 -5.15625   0.03172    -0.00879   0.71745   -0.71617
 -5.13750   0.05319    -0.00819   0.64465   -0.63985
 -5.11875   0.10001    -0.00742   0.55478   -0.54131
 -5.10000   0.19516    -0.00701   0.46304   -0.43188
 -5.08125   0.37390    -0.00816   0.38855   -0.32519
 -5.06250   0.68347    -0.01344   0.35046   -0.23405
 -5.04375   1.17792    -0.02793   0.36474   -0.16844
 -5.02500   1.90489    -0.06153   0.44178   -0.13624
 -5.00625   2.88593    -0.13164   0.58475   -0.14497
 -4.98750   4.09355    -0.26643   0.78861   -0.20404
 -4.96875   5.43603    -0.50602   1.03993   -0.32507
 -4.95000   6.75824    -0.90044   1.31838   -0.52002
 -4.93125   7.86680    -1.50054   1.59942   -0.79613
 -4.91250   8.57460    -2.34215   1.85836   -1.14980
 -4.89375   8.75227    -3.42490   2.07431   -1.56143
 -4.87500   8.36680    -4.69311   2.23368   -1.99472
 -4.85625   7.49196    -6.02785   2.33138   -2.40220
 -4.83750   6.28614    -7.25834   2.37137   -2.73550
 -4.81875   4.94699    -8.19545   2.36406   -2.95778
 -4.80000   3.66177    -8.67840   2.32306   -3.05174
 -4.78125   2.57047    -8.62011   2.26048   -3.02168
 -4.76250   1.75254    -8.03277   2.18330   -2.88778
 -4.74375   1.23444    -7.02476   2.09292   -2.67796
 -4.72500   1.00926    -5.76902   1.98752   -2.42027
 -4.70625   1.05494    -4.45730   1.86704   -2.13935
 -4.68750   1.34367    -3.25667   1.73729   -1.85694
 -4.66875   1.83887    -2.28341   1.61039   -1.59310
 -4.65000   2.48547    -1.59801   1.50195   -1.36733
 -4.63125   3.20106    -1.21606   1.42649   -1.19802
 -4.61250   3.87807    -1.12578   1.39394   -1.10129
 -4.59375   4.40046    -1.30039   1.40974   -1.09022
 -4.57500   4.67121    -1.70134   1.47737   -1.17432
 -4.55625   4.64067    -2.27388   1.60057   -1.35765
 -4.53750   4.32333    -2.94115   1.78252   -1.63565
 -4.51875   3.79516    -3.60489   2.02127   -1.99048
 -4.50000   3.17319    -4.15805   2.30346   -2.38822
 -4.48125   2.58564    -4.50667   2.60052   -2.78005
 -4.46250   2.14497    -4.59438   2.87101   -3.10929
 -4.44375   1.93028    -4.41950   3.06900   -3.32297
 -4.42500   1.98075    -4.03683   3.15671   -3.38486
 -4.40625   2.29503    -3.54560   3.11581   -3.28521
 -4.38750   2.83362    -3.06624   2.95442   -3.04524
 -4.36875   3.52283    -2.71516   2.70659   -2.71391
 -4.35000   4.26477    -2.58127   2.42498   -2.35832
 -4.33125   4.95639    -2.70837   2.17030   -2.05067
 -4.31250   5.51452    -3.08484   1.99805   -1.85328
 -4.29375   5.89953    -3.64217   1.94713   -1.80558
 -4.27500   6.12435    -4.26753   2.03081   -1.91486
 -4.25625   6.24378    -4.82990   2.23234   -2.15393
 -4.23750   6.32677    -5.21674   2.50731   -2.46653
 -4.21875   6.42608    -5.36999   2.79335   -2.78117
 -4.20000   6.56048    -5.30658   3.02653   -3.02984
 -4.18125   6.71737    -5.11433   3.15957   -3.16707
 -4.16250   6.87039    -4.92133   3.17618   -3.18217
 -4.14375   6.99794    -4.85106   3.09537   -3.10064
 -4.12500   7.08958    -4.98087   2.96425   -2.97418
 -4.10625   7.13667    -5.31985   2.84185   -2.86301
 -4.08750   7.11793    -5.81395   2.77996   -2.81698
 -4.06875   6.99338    -6.37229   2.80761   -2.86153
 -4.05000   6.71609    -6.90010   2.92420   -2.99230
 -4.03125   6.25819    -7.32295   3.10226   -3.17910
 -4.01250   5.63653    -7.59296   3.29896   -3.37773
 -3.99375   4.92340    -7.68130   3.47125   -3.54455
 -3.97500   4.23384    -7.56834   3.58862   -3.64874
 -3.95625   3.69532    -7.24270   3.63835   -3.67742
 -3.93750   3.41195    -6.71165   3.62208   -3.63230
 -3.91875   3.43696    -6.01656   3.54652   -3.52105
 -3.90000   3.76270    -5.24009   3.41483   -3.34896
 -3.88125   4.32810    -4.49767   3.22421   -3.11676
 -3.86250   5.03868    -3.91276   2.97076   -2.82501
 -3.84375   5.78938    -3.58623   2.65836   -2.48207
 -3.82500   6.48236    -3.57094   2.30547   -2.10993
 -3.80625   7.03715    -3.86048   1.94541   -1.74409
 -3.78750   7.39378    -4.39558   1.62071   -1.42744
 -3.76875   7.51692    -5.08300   1.37402   -1.20122
 -3.75000   7.40237    -5.81908   1.23944   -1.09625
 -3.73125   7.08630    -6.50970   1.23656   -1.12720
 -3.71250   6.64808    -7.08081   1.36637   -1.28892
 -3.69375   6.19850    -7.48169   1.60928   -1.55557
 -3.67500   5.85198    -7.68571   1.92497   -1.88208
 -3.65625   5.69104    -7.69332   2.25662   -2.21043
 -3.63750   5.73893    -7.53669   2.54139   -2.48111
 -3.61875   5.95461    -7.27965   2.72525   -2.64751
 -3.60000   6.25353    -7.00582   2.77918   -2.69008
 -3.58125   6.54452    -6.79476   2.70919   -2.62262
 -3.56250   6.76429    -6.69517   2.55622   -2.48859
 -3.54375   6.89250    -6.70858   2.38288   -2.34741
 -3.52500   6.94190    -6.79469   2.25311   -2.25517
 -3.50625   6.93261    -6.89502   2.21029   -2.24671
 -3.48750   6.86849    -6.96226   2.26281   -2.32486
 -3.46875   6.73124    -6.97850   2.38171   -2.46001
 -3.45000   6.49637    -6.95176   2.51124   -2.59952
 -3.43125   6.15998    -6.89623   2.58807   -2.68425
 -3.41250   5.75982    -6.81092   2.56234   -2.66637
 -3.39375   5.37524    -6.67299   2.41302   -2.52333
 -3.37500   5.10486    -6.45205   2.15230   -2.26358
 -3.35625   5.03127    -6.13702   1.81885   -1.92208
 -3.33750   5.18996    -5.75840   1.46417   -1.54966
 -3.31875   5.55691    -5.39048   1.13723   -1.19866
 -3.30000   6.05932    -5.12939   0.87380   -0.91101
 -3.28125   6.60171    -5.05723   0.69230   -0.71177
 -3.26250   7.09390    -5.20943   0.59581   -0.60823
 -3.24375   7.46815    -5.56144   0.57761   -0.59382
 -3.22500   7.68086    -6.04025   0.62785   -0.65497
 -3.20625   7.70630    -6.55266   0.74037   -0.77910
 -3.18750   7.53211    -7.01481   0.91909   -0.96348
 -3.16875   7.16310    -7.36889   1.18371   -1.22256
 -3.15000   6.63205    -7.58296   1.57165   -1.59150
 -3.13125   6.00656    -7.63995   2.13322   -2.12204
 -3.11250   5.38290    -7.52888   2.91712   -2.86752
 -3.09375   4.86539    -7.24604   3.94699   -3.85921
 -3.07500   4.53854    -6.80594   5.19647   -5.07959
 -3.05625   4.44396    -6.25254   6.57379   -6.44473
 -3.03750   4.57274    -5.66075   7.92641   -7.80608
 -3.01875   4.87471    -5.12388   9.07033   -8.97828
 -3.00000   5.27968    -4.73120   9.83720   -9.78613
 -2.98125   5.72043    -4.54537  10.12424  -10.11692
 -2.96250   6.14867    -4.58832   9.92837   -9.95771
 -2.94375   6.54019    -4.84040   9.35228   -9.40448
 -2.92500   6.89012    -5.25183   8.57971   -8.63910
 -2.90625   7.20450    -5.76013   7.82891   -7.88270
 -2.88750   7.49276    -6.30786   7.29767   -7.33952
 -2.86875   7.76594    -6.85357   7.11549   -7.14707
 -2.85000   8.03856    -7.37451   7.31428   -7.34438
 -2.83125   8.33069    -7.86291   7.82615   -7.86763
 -2.81250   8.66567    -8.31937   8.50988   -8.57442
 -2.79375   9.06222    -8.74824   9.19985   -9.29227
 -2.77500   9.52348    -9.15576   9.76293   -9.87736
 -2.75625  10.02892    -9.54918  10.14196  -10.26190
 -2.73750  10.53433    -9.93438  10.36830  -10.47163
 -2.71875  10.98278   -10.31037  10.53778  -10.60451
 -2.70000  11.32360   -10.66313  10.75976  -10.77974
 -2.68125  11.53211   -10.96318  11.10403  -11.08107
 -2.66250  11.62253   -11.17049  11.57124  -11.52091
 -2.64375  11.64585   -11.24851  12.09911  -12.04243
 -2.62500  11.67442   -11.18216  12.59958  -12.55463
 -2.60625  11.77858   -10.99286  13.00435  -12.98024
 -2.58750  12.00406   -10.74212  13.29312  -13.28861
 -2.56875  12.36094   -10.51936  13.49060  -13.49700
 -2.55000  12.82579   -10.41620  13.63591  -13.64290
 -2.53125  13.35610   -10.49766  13.74485  -13.74536
 -2.51250  13.90943   -10.78077  13.78748  -13.77981
 -2.49375  14.45973   -11.23146  13.69503  -13.68113
 -2.47500  15.00537   -11.78058  13.39231  -13.37405
 -2.45625  15.56517   -12.35223  12.83913  -12.81486
 -2.43750  16.16464   -12.89229  12.06026  -12.02338
 -2.41875  16.81735   -13.38633  11.14900  -11.08996
 -2.40000  17.50796   -13.85958  10.24355  -10.15397
 -2.38125  18.18532   -14.36152   9.48606   -9.36295
 -2.36250  18.76797   -14.93954   8.98241   -8.83045
 -2.34375  19.16305   -15.61345   8.77842   -8.60998
 -2.32500  19.29086   -16.35789   8.86045   -8.69325
 -2.30625  19.10791   -17.09976   9.17551   -9.02918
 -2.28750  18.62151   -17.73142   9.65754   -9.55060
 -2.26875  17.89115   -18.13728  10.24551  -10.19244
 -2.25000  17.01681   -18.22506  10.88738  -10.89616
 -2.23125  16.11736   -17.95276  11.53383  -11.60414
 -2.21250  15.30235   -17.34228  12.13305  -12.25516
 -2.19375  14.64296   -16.47535  12.63445  -12.79034
 -2.17500  14.14990   -15.47469  12.99986  -13.16708
 -2.15625  13.76659   -14.47697  13.21280  -13.37027
 -2.13750  13.38429   -13.60604  13.27527  -13.40914
 -2.11875  12.87901   -12.95175  13.19196  -13.29923
 -2.10000  12.15998   -12.55498  12.95225  -13.03947
 -2.08125  11.21167   -12.39942  12.52486  -12.60295
 -2.06250  10.11160   -12.41025  11.87363  -11.95069
 -2.04375   9.01468   -12.46484  10.98963  -11.06532
 -2.02500   8.10777   -12.41838   9.92164   -9.98592
 -2.00625   7.55164   -12.14333   8.78622   -8.82350
 -1.98750   7.43041   -11.57196   7.74822   -7.74450
 -1.96875   7.72637   -10.72589   6.97579   -6.92596
 -1.95000   8.32664    -9.71880   6.58676   -6.49854
 -1.93125   9.05771    -8.72827   6.60675   -6.49889
 -1.91250   9.73508    -7.94578   6.95407   -6.85033
 -1.89375  10.21030    -7.52164   7.45753   -7.37909
 -1.87500  10.40225    -7.52237   7.90254   -7.86214
 -1.85625  10.30335    -7.91160   8.09043   -8.09065
 -1.83750   9.96171    -8.55777   7.89250   -7.92777
 -1.81875   9.44903    -9.26643   7.28082   -7.34138
 -1.80000   8.82865    -9.82967   6.32669   -6.40224
 -1.78125   8.13680   -10.08119   5.16994   -5.25149
 -1.76250   7.38418    -9.94228   3.97280   -4.05284
 -1.74375   6.57463    -9.44240   2.87617   -2.94779
 -1.72500   5.72808    -8.70488   1.97250   -2.02813
 -1.70625   4.89436    -7.90134   1.29917   -1.32968
 -1.68750   4.14875    -7.18993   0.84867   -0.84268
 -1.66875   3.57018    -6.66277   0.58580   -0.53045
 -1.65000   3.21235    -6.32326   0.46432   -0.34704
 -1.63125   3.08030    -6.10107   0.43740   -0.25042
 -1.61250   3.12343    -5.89651   0.46324   -0.20876
 -1.59375   3.24812    -5.63114   0.50708   -0.20183
 -1.57500   3.34563    -5.28231   0.54217   -0.21936
 -1.55625   3.32470    -4.88597   0.55109   -0.25679
 -1.53750   3.13672    -4.51044   0.52650   -0.31138
 -1.51875   2.78550    -4.21624   0.47073   -0.37826
 -1.50000   2.31888    -4.02353   0.39359   -0.44851
 -1.48125   1.80867    -3.90111   0.30848   -0.50994
 -1.46250   1.32787    -3.78156   0.22897   -0.54946
 -1.44375   0.93363    -3.59203   0.16605   -0.55721
 -1.42500   0.66149    -3.28555   0.12764   -0.52983
 -1.40625   0.52848    -2.85816   0.11911   -0.47140
 -1.38750   0.54024    -2.34756   0.14446   -0.39261
 -1.36875   0.69604    -1.81641   0.20660   -0.30727
 -1.35000   0.98842    -1.33105   0.30613   -0.22918
 -1.33125   1.39706    -0.94504   0.43895   -0.16971
 -1.31250   1.88164    -0.69261   0.59394   -0.13711
 -1.29375   2.37942    -0.59070   0.75223   -0.13715
 -1.27500   2.81189    -0.64447   0.88963   -0.17373
 -1.25625   3.10118    -0.85035   0.98218   -0.24881
 -1.23750   3.19166    -1.19382   1.01322   -0.36075
 -1.21875   3.06722    -1.64332   0.97953   -0.50207
 -1.20000   2.75798    -2.14512   0.89396   -0.65770
 -1.18125   2.33237    -2.62536   0.78409   -0.80583
 -1.16250   1.87866    -3.00133   0.68666   -0.92165
 -1.14375   1.48309    -3.20125   0.64090   -0.98331
 -1.12500   1.21229    -3.18492   0.68101   -0.97880
 -1.10625   1.10266    -2.95580   0.82938   -0.90975
 -1.08750   1.15783    -2.56040   1.08996   -0.79158
 -1.06875   1.35031    -2.07393   1.44335   -0.64965
 -1.05000   1.62722    -1.57941   1.84539   -0.51381
 -1.03125   1.91970    -1.14872   2.23194   -0.41318
 -1.01250   2.15581    -0.83149   2.53176   -0.37364
 -0.99375   2.27640    -0.65351   2.68400   -0.41669
 -0.97500   2.24888    -0.62093   2.65564   -0.55838
 -0.95625   2.07433    -0.72499   2.45105   -0.80633
 -0.93750   1.78508    -0.94425   2.10974   -1.15400
 -0.91875   1.43275    -1.24393   1.69348   -1.57463
 -0.90000   1.07237    -1.57552   1.26756   -2.01892
 -0.88125   0.74848    -1.88072   0.88473   -2.41999
 -0.86250   0.48714    -2.10102   0.57584   -2.70725
 -0.84375   0.29565    -2.19136   0.34946   -2.82496
 -0.82500   0.16732    -2.13216   0.19778   -2.74903
 -0.80625   0.08831    -1.93469   0.10436   -2.49457
 -0.78750   0.04346    -1.63709   0.05135   -2.11091
 -0.76875   0.01991    -1.29178   0.02355   -1.66562
 -0.75000   0.00853    -0.95047   0.01008   -1.22555
 -0.73125   0.00340    -0.65211   0.00402   -0.84086
 -0.71250   0.00125    -0.41723   0.00150   -0.53798
 -0.69375   0.00043    -0.24889   0.00052   -0.32093
 -0.67500   0.00013    -0.13847   0.00017   -0.17854
 -0.65625   0.00003    -0.07181   0.00005   -0.09261
 -0.63750   0.00000    -0.03474   0.00001   -0.04479
 -0.61875   0.00000    -0.01570   0.00000   -0.02020
 -0.60000   0.00000    -0.00660   0.00000   -0.00850
 -0.58125   0.00001    -0.00259   0.00001   -0.00333
 -0.56250   0.00012    -0.00094   0.00003   -0.00122
 -0.54375   0.00043    -0.00029   0.00010   -0.00042
 -0.52500   0.00123    -0.00008   0.00029   -0.00013
 -0.50625   0.00309    -0.00003   0.00074   -0.00004
 -0.48750   0.00751     0.00000   0.00181   -0.00001
 -0.46875   0.01678     0.00000   0.00407    0.00000
 -0.45000   0.03514     0.00000   0.00855    0.00000
 -0.43125   0.06853     0.00000   0.01667    0.00000
 -0.41250   0.12461     0.00000   0.03034    0.00000
 -0.39375   0.21131     0.00000   0.05144    0.00000
 -0.37500   0.33411     0.00000   0.08135    0.00000
 -0.35625   0.49263     0.00000   0.11993    0.00000
 -0.33750   0.67736     0.00000   0.16491    0.00000
 -0.31875   0.86844     0.00000   0.21145    0.00000
 -0.30000   1.03832     0.00000   0.25283    0.00000
 -0.28125   1.15775     0.00000   0.28199    0.00000
 -0.26250   1.20418    -0.00002   0.29350   -0.00001
 -0.24375   1.16896    -0.00018   0.28553   -0.00003
 -0.22500   1.06082    -0.00053   0.26054   -0.00012
 -0.20625   0.90390    -0.00150   0.22542   -0.00031
 -0.18750   0.73188    -0.00378   0.18990   -0.00078
 -0.16875   0.58030    -0.00890   0.16517   -0.00186
 -0.15000   0.48065    -0.01967   0.16259   -0.00412
 -0.13125   0.45667    -0.04044   0.19245   -0.00855
 -0.11250   0.52291    -0.07752   0.26264   -0.01636
 -0.09375   0.68297    -0.13863   0.37712   -0.02930
 -0.07500   0.92763    -0.23121   0.53283   -0.04890
 -0.05625   1.23221    -0.35966   0.71784   -0.07620
 -0.03750   1.55673    -0.52208   0.91063   -0.11089
 -0.01875   1.85012    -0.70753   1.08288   -0.15105
  0.00000   2.06027    -0.89611   1.20488   -0.19328
  0.01875   2.14660    -1.06316   1.25380   -0.23365
  0.03750   2.09145    -1.18646   1.21991   -0.26999
  0.05625   1.90512    -1.25502   1.10967   -0.30369
  0.07500   1.62235    -1.27544   0.94363   -0.34109
  0.09375   1.29136    -1.27199   0.75009   -0.39304
  0.11250   0.96082    -1.28011   0.55738   -0.47192
  0.13125   0.66818    -1.33380   0.38720   -0.58658
  0.15000   0.43432    -1.45175   0.25158   -0.73744
  0.16875   0.26392    -1.62839   0.15316   -0.91252
  0.18750   0.15013    -1.83224   0.08790   -1.08809
  0.20625   0.08026    -2.01428   0.04857   -1.23332
  0.22500   0.04092    -2.12306   0.02753   -1.31872
  0.24375   0.02077    -2.12095   0.01859   -1.32507
  0.26250   0.01174    -1.99595   0.01727   -1.24955
  0.28125   0.00872    -1.76441   0.02108   -1.10639
  0.30000   0.00880    -1.46390   0.02887   -0.92230
  0.31875   0.01051    -1.14113   0.04046   -0.72848
  0.33750   0.01317    -0.83829   0.05627   -0.55250
  0.35625   0.01652    -0.58438   0.07705   -0.41292
  0.37500   0.02043    -0.39187   0.10368   -0.31791
  0.39375   0.02473    -0.25927   0.13686   -0.26671
  0.41250   0.02927    -0.17617   0.17703   -0.25285
  0.43125   0.03394    -0.12890   0.22396   -0.26761
  0.45000   0.03856    -0.10434   0.27692   -0.30209
  0.46875   0.04313    -0.09244   0.33439   -0.34863
  0.48750   0.04785    -0.08652   0.39453   -0.40119
  0.50625   0.05300    -0.08298   0.45566   -0.45567
  0.52500   0.05898    -0.08047   0.51714   -0.51018
  0.54375   0.06616    -0.07869   0.58021   -0.56560
  0.56250   0.07476    -0.07798   0.64878   -0.62557
  0.58125   0.08487    -0.07875   0.72917   -0.69643
  0.60000   0.09651    -0.08112   0.82883   -0.78573
  0.61875   0.10956    -0.08516   0.95426   -0.90002
  0.63750   0.12378    -0.09074   1.10835   -1.04269
  0.65625   0.13879    -0.09772   1.28895   -1.21207
  0.67500   0.15396    -0.10589   1.48825   -1.40142
  0.69375   0.16821    -0.11499   1.69416   -1.60001
  0.71250   0.18032    -0.12439   1.89352   -1.79590
  0.73125   0.18901    -0.13338   2.07554   -1.97904
  0.75000   0.19334    -0.14092   2.23514   -2.14407
  0.76875   0.19311    -0.14609   2.37448   -2.29150
  0.78750   0.18925    -0.14797   2.50200   -2.42701
  0.80625   0.18361    -0.14629   2.62871   -2.55822
  0.82500   0.17917    -0.14149   2.76302   -2.69016
  0.84375   0.17938    -0.13471   2.90581   -2.82106
  0.86250   0.18777    -0.12795   3.04783   -2.94067
  0.88125   0.20715    -0.12398   3.17158   -3.03223
  0.90000   0.23870    -0.12667   3.25564   -3.07845
  0.91875   0.28098    -0.14017   3.28133   -3.06839
  0.93750   0.32937    -0.16853   3.23740   -3.00259
  0.95625   0.37602    -0.21423   3.12171   -2.89259
  0.97500   0.41159    -0.27647   2.94002   -2.75567
  0.99375   0.42747    -0.34994   2.70299   -2.60683
  1.01250   0.41858    -0.42473   2.42374   -2.45224
  1.03125   0.38489    -0.48801   2.11649   -2.28756
  1.05000   0.33148    -0.52701   1.79598   -2.10186
  1.06875   0.26698    -0.53302   1.47721   -1.88498
  1.08750   0.20087    -0.50382   1.17460   -1.63447
  1.10625   0.14111    -0.44469   0.90048   -1.35880
  1.12500   0.09252    -0.36625   0.66380   -1.07578
  1.14375   0.05658    -0.28138   0.46925   -0.80698
  1.16250   0.03232    -0.20161   0.31725   -0.57137
  1.18125   0.01720    -0.13475   0.20457   -0.38091
  1.20000   0.00854    -0.08395   0.12543   -0.23861
  1.21875   0.00396    -0.04879   0.07298   -0.14030
  1.23750   0.00169    -0.02646   0.04016   -0.07731
  1.25625   0.00068    -0.01335   0.02085   -0.03990
  1.27500   0.00024    -0.00630   0.01020   -0.01927
  1.29375   0.00007    -0.00277   0.00468   -0.00871
  1.31250   0.00002    -0.00111   0.00202   -0.00371
  1.33125   0.00001    -0.00040   0.00082   -0.00148
  1.35000   0.00000    -0.00013   0.00028   -0.00051
  1.36875   0.00000    -0.00004   0.00014   -0.00021
  1.38750   0.00000    -0.00001   0.00000   -0.00002
  1.40625   0.00000     0.00000   0.00000   -0.00001
  1.42500   0.00000     0.00000   0.00000    0.00000
  1.44375   0.00000     0.00000   0.00000    0.00000
  1.46250   0.00000     0.00000   0.00000    0.00000
  1.48125   0.00000     0.00000   0.00000    0.00000
  1.50000   0.00000     0.00000   0.00000    0.00000
  1.51875   0.00000     0.00000   0.00000    0.00000
  1.53750   0.00000     0.00000   0.00000    0.00000
  1.55625   0.00000     0.00000   0.00000    0.00000
  1.57500   0.00000     0.00000   0.00000    0.00000
  1.59375   0.00000     0.00000   0.00000    0.00000
  1.61250   0.00000     0.00000   0.00000    0.00000
  1.63125   0.00000     0.00000   0.00000    0.00000
  1.65000   0.00000     0.00000   0.00000    0.00000
  1.66875   0.00000     0.00000   0.00000    0.00000
  1.68750   0.00000     0.00000   0.00000    0.00000
  1.70625   0.00000     0.00000   0.00000    0.00000
  1.72500   0.00000     0.00000   0.00000    0.00000
  1.74375   0.00000     0.00000   0.00000    0.00000
  1.76250   0.00000     0.00000   0.00000    0.00000
  1.78125   0.00000     0.00000   0.00000    0.00000
  1.80000   0.00000     0.00000   0.00000    0.00000
  1.81875   0.00000     0.00000   0.00000    0.00000
  1.83750   0.00000     0.00000   0.00001    0.00000
  1.85625   0.00000     0.00000   0.00002    0.00000
  1.87500   0.00007     0.00000   0.00007    0.00000
  1.89375   0.00021     0.00000   0.00020    0.00000
  1.91250   0.00061     0.00000   0.00055    0.00000
  1.93125   0.00152     0.00000   0.00136    0.00000
  1.95000   0.00353     0.00000   0.00319    0.00000
  1.96875   0.00765     0.00000   0.00688    0.00000
  1.98750   0.01532     0.00000   0.01380    0.00000
  2.00625   0.02867     0.00000   0.02583    0.00000
  2.02500   0.04997     0.00000   0.04502    0.00000
  2.04375   0.08126     0.00000   0.07317   -0.00001
  2.06250   0.12317    -0.00001   0.11093   -0.00002
  2.08125   0.17414    -0.00009   0.15683   -0.00007
  2.10000   0.22957    -0.00023   0.20674   -0.00021
  2.11875   0.28216    -0.00061   0.25411   -0.00055
  2.13750   0.32341    -0.00149   0.29126   -0.00140
  2.15625   0.34569    -0.00348   0.31131   -0.00324
  2.17500   0.34452    -0.00742   0.31030   -0.00692
  2.19375   0.32020    -0.01485   0.28836   -0.01384
  2.21250   0.27750    -0.02770   0.24992   -0.02575
  2.23125   0.22424    -0.04800   0.20196   -0.04473
  2.25000   0.16897    -0.07775   0.15220   -0.07242
  2.26875   0.11874    -0.11737   0.10696   -0.10928
  2.28750   0.07780    -0.16519   0.07004   -0.15386
  2.30625   0.04756    -0.21681   0.04282   -0.20192
  2.32500   0.02710    -0.26540   0.02438   -0.24716
  2.34375   0.01442    -0.30288   0.01294   -0.28212
  2.36250   0.00713    -0.32230   0.00642   -0.30023
  2.38125   0.00329    -0.31987   0.00294   -0.29796
  2.40000   0.00142    -0.29602   0.00125   -0.27575
  2.41875   0.00055    -0.25541   0.00050   -0.23795
  2.43750   0.00019    -0.20555   0.00019   -0.19146
  2.45625   0.00006    -0.15422   0.00006   -0.14363
  2.47500   0.00000    -0.10791   0.00002   -0.10051
  2.49375   0.00000    -0.07041   0.00001   -0.06557
  2.51250   0.00000    -0.04283   0.00000   -0.03989
  2.53125   0.00000    -0.02428   0.00000   -0.02264
  2.55000   0.00000    -0.01286   0.00000   -0.01196
  2.56875   0.00000    -0.00632   0.00000   -0.00589
  2.58750   0.00000    -0.00291   0.00000   -0.00271
  2.60625   0.00000    -0.00126   0.00000   -0.00115
  2.62500   0.00000    -0.00047   0.00000   -0.00045
  2.64375   0.00000    -0.00017   0.00000   -0.00016
  2.66250   0.00000    -0.00006   0.00000   -0.00006
  2.68125   0.00000     0.00000   0.00000   -0.00002
  2.70000   0.00000     0.00000   0.00002    0.00000
  2.71875   0.00002     0.00000   0.00006    0.00000
  2.73750   0.00009     0.00000   0.00023    0.00000
  2.75625   0.00030     0.00000   0.00057    0.00000
  2.77500   0.00063     0.00000   0.00132    0.00000
  2.79375   0.00133     0.00000   0.00281    0.00000
  2.81250   0.00263     0.00000   0.00563    0.00000
  2.83125   0.00489     0.00000   0.01042    0.00000
  2.85000   0.00849     0.00000   0.01803   -0.00004
  2.86875   0.01373    -0.00003   0.02924   -0.00011
  2.88750   0.02087    -0.00011   0.04438   -0.00027
  2.90625   0.02973    -0.00027   0.06312   -0.00071
  2.92500   0.03975    -0.00065   0.08436   -0.00157
  2.94375   0.05017    -0.00141   0.10640   -0.00332
  2.96250   0.05995    -0.00274   0.12707   -0.00647
  2.98125   0.06823    -0.00500   0.14444   -0.01184
  3.00000   0.07436    -0.00859   0.15722   -0.02024
  3.01875   0.07808    -0.01376   0.16479   -0.03248
  3.03750   0.07936    -0.02078   0.16714   -0.04893
  3.05625   0.07834    -0.02950   0.16448   -0.06934
  3.07500   0.07526    -0.03953   0.15710   -0.09252
  3.09375   0.07044    -0.05003   0.14555   -0.11667
  3.11250   0.06469    -0.05999   0.13078   -0.13925
  3.13125   0.05920    -0.06824   0.11474   -0.15765
  3.15000   0.05565    -0.07389   0.09981   -0.16973
  3.16875   0.05588    -0.07619   0.08899   -0.17401
  3.18750   0.06148    -0.07496   0.08481   -0.17010
  3.20625   0.07312    -0.07059   0.08887   -0.15886
  3.22500   0.09028    -0.06401   0.10123   -0.14237
  3.24375   0.11105    -0.05671   0.12058   -0.12368
  3.26250   0.13263    -0.05052   0.14449   -0.10672
  3.28125   0.15169    -0.04741   0.17003   -0.09535
  3.30000   0.16519    -0.04915   0.19438   -0.09317
  3.31875   0.17126    -0.05677   0.21535   -0.10249
  3.33750   0.16917    -0.07025   0.23133   -0.12366
  3.35625   0.15961    -0.08824   0.24129   -0.15476
  3.37500   0.14410    -0.10840   0.24441   -0.19162
  3.39375   0.12480    -0.12762   0.24029   -0.22844
  3.41250   0.10404    -0.14283   0.22897   -0.25916
  3.43125   0.08410    -0.15188   0.21155   -0.27893
  3.45000   0.06699    -0.15384   0.19044   -0.28555
  3.46875   0.05425    -0.14919   0.16949   -0.28010
  3.48750   0.04676    -0.13945   0.15350   -0.26682
  3.50625   0.04467    -0.12652   0.14767   -0.25211
  3.52500   0.04732    -0.11217   0.15652   -0.24349
  3.54375   0.05314    -0.09800   0.18319   -0.24782
  3.56250   0.06008    -0.08520   0.22856   -0.27059
  3.58125   0.06612    -0.07462   0.29119   -0.31456
  3.60000   0.06946    -0.06686   0.36770   -0.37940
  3.61875   0.06919    -0.06212   0.45336   -0.46153
  3.63750   0.06535    -0.06005   0.54307   -0.55456
  3.65625   0.05891    -0.05998   0.63208   -0.65050
  3.67500   0.05138    -0.06096   0.71605   -0.74112
  3.69375   0.04412    -0.06213   0.79092   -0.81898
  3.71250   0.03824    -0.06295   0.85205   -0.87798
  3.73125   0.03414    -0.06329   0.89442   -0.91394
  3.75000   0.03160    -0.06310   0.91361   -0.92485
  3.76875   0.03019    -0.06246   0.90756   -0.91146
  3.78750   0.02928    -0.06134   0.87888   -0.87844
  3.80625   0.02843    -0.05949   0.83584   -0.83442
  3.82500   0.02751    -0.05681   0.79151   -0.79147
  3.84375   0.02660    -0.05332   0.76106   -0.76305
  3.86250   0.02584    -0.04929   0.75746   -0.76065
  3.88125   0.02546    -0.04530   0.78761   -0.79074
  3.90000   0.02554    -0.04187   0.85056   -0.85303
  3.91875   0.02605    -0.03933   0.93816   -0.94071
  3.93750   0.02677    -0.03785   1.03855   -1.04335
  3.95625   0.02740    -0.03727   1.14105   -1.15095
  3.97500   0.02773    -0.03716   1.23993   -1.25742
  3.99375   0.02748    -0.03697   1.33544   -1.36162
  4.01250   0.02662    -0.03635   1.43113   -1.46531
  4.03125   0.02510    -0.03507   1.52921   -1.56896
  4.05000   0.02320    -0.03299   1.62557   -1.66744
  4.06875   0.02112    -0.03034   1.70827   -1.74853
  4.08750   0.01919    -0.02740   1.76043   -1.79577
  4.10625   0.01770    -0.02461   1.76568   -1.79361
  4.12500   0.01699    -0.02232   1.71520   -1.73405
  4.14375   0.01714    -0.02082   1.61077   -1.61978
  4.16250   0.01811    -0.02033   1.46426   -1.46357
  4.18125   0.01976    -0.02085   1.29318   -1.28416
  4.20000   0.02176    -0.02218   1.11503   -1.10036
  4.21875   0.02352    -0.02393   0.94311   -0.92671
  4.23750   0.02469    -0.02557   0.78486   -0.77088
  4.25625   0.02494    -0.02666   0.64296   -0.63509
  4.27500   0.02409    -0.02674   0.51761   -0.51788
  4.29375   0.02239    -0.02580   0.40839   -0.41684
  4.31250   0.02013    -0.02390   0.31562   -0.33032
  4.33125   0.01778    -0.02155   0.23979   -0.25794
  4.35000   0.01569    -0.01904   0.18130   -0.19996
  4.36875   0.01422    -0.01696   0.13949   -0.15674
  4.38750   0.01333    -0.01544   0.11276   -0.12793
  4.40625   0.01301    -0.01469   0.09904   -0.11264
  4.42500   0.01325    -0.01453   0.09643   -0.10976
  4.44375   0.01395    -0.01487   0.10394   -0.11844
  4.46250   0.01504    -0.01571   0.12173   -0.13836
  4.48125   0.01665    -0.01692   0.15058   -0.16971
  4.50000   0.01869    -0.01850   0.19139   -0.21209
  4.51875   0.02117    -0.02040   0.24382   -0.26425
  4.53750   0.02389    -0.02258   0.30544   -0.32283
  4.55625   0.02679    -0.02485   0.37107   -0.38244
  4.57500   0.02962    -0.02709   0.43347   -0.43620
  4.59375   0.03219    -0.02912   0.48424   -0.47709
  4.61250   0.03439    -0.03098   0.51618   -0.49965
  4.63125   0.03611    -0.03263   0.52520   -0.50156
  4.65000   0.03743    -0.03415   0.51158   -0.48445
  4.66875   0.03827    -0.03553   0.47965   -0.45328
  4.68750   0.03867    -0.03686   0.43654   -0.41497
  4.70625   0.03855    -0.03801   0.39007   -0.37659
  4.72500   0.03802    -0.03883   0.34669   -0.34354
  4.74375   0.03710    -0.03920   0.31085   -0.31882
  4.76250   0.03577    -0.03889   0.28478   -0.30349
  4.78125   0.03409    -0.03783   0.26965   -0.29727
  4.80000   0.03225    -0.03598   0.26634   -0.30006
  4.81875   0.03021    -0.03343   0.27607   -0.31239
  4.83750   0.02813    -0.03043   0.30026   -0.33559
  4.85625   0.02601    -0.02721   0.33936   -0.37059
  4.87500   0.02389    -0.02404   0.39169   -0.41688
  4.89375   0.02182    -0.02117   0.45254   -0.47131
  4.91250   0.01982    -0.01867   0.51409   -0.52731
  4.93125   0.01803    -0.01670   0.56671   -0.57614
  4.95000   0.01653    -0.01526   0.60131   -0.60871
  4.96875   0.01539    -0.01434   0.61157   -0.61817
  4.98750   0.01479    -0.01387   0.59620   -0.60205
  5.00625   0.01477    -0.01388   0.55892   -0.56292